[array([[[ 95.58862   ,  97.21073   , 100.427025  ,  98.74882   ,
         108.2151    , 102.13618   , 103.88671   ,  34.942093  ,
          30.795998  ,  93.00007   ,  93.05932   ,  58.882133  ,
         111.80272   ,  83.74167   ,  83.7832    , 101.57209   ,
          37.571445  , 104.61928   , 104.10716   ,  65.11471   ,
          96.480095  ,  99.270676  ,  41.365253  ,  92.33002   ,
         178.42886   ,  93.193665  ,  95.28062   ,  41.864468  ,
          83.25888   ,  94.367195  ,  83.252396  ,  84.047646  ,
         179.06668   ,  41.623013  ,  97.222466  ,  40.836426  ,
          52.22503   , 129.98497   , 130.16765   , 104.264534  ,
          58.83155   , 136.74185   ,  98.29984   , 166.23123   ,
         107.44626   , 166.46097   ,  96.24315   ,   0.63496375,
         177.40862   ,   1.5557743 , 107.42465   , 178.24893   ,
          59.096447  ,   0.31460887, 140.33638   , 100.237175  ,
          27.403519  , 105.45957   ,  41.603054  , 141.23816   ,
          34.889206  ,  62.93931   , 106.27617   ,  84.47107   ,
           0.5537752 , 104.66052   , 103.28623   , 151.47794   ,
         106.23696   ,  90.313354  , 101.279335  , 105.45729   ,
          53.44031   ,  84.07915   ,  94.30427   , 137.23749   ,
          40.226467  ,  99.16324   , 131.2562    ,  42.15722   ,
         112.21159   , 165.79962   ,  62.312992  , 106.42604   ,
         179.48657   , 102.1973    ,  41.235546  , 106.11035   ,
          88.549576  ,  63.12168   , 154.56836   , 108.339134  ,
         107.44975   , 105.29752   ,  11.224909  ,  51.744263  ,
         165.35208   , 121.757355  , 111.853424  , 154.29346   ,
          93.06167   , 109.352394  , 100.40926   ,   0.26202044,
         140.58218   ,  92.69099   ,  42.197445  , 105.387054  ,
         103.24495   , 119.32007   , 179.17825   , 105.41411   ,
          12.53099   ,  70.43008   ,   1.2885855 ,  40.809196  ,
          65.086044  , 107.98037   , 151.268     ,  10.2622385 ,
          10.626335  ,  92.2526    ,   1.2811874 , 118.791626  ,
          85.59421   , 179.11581   , 106.56633   , 130.23688   ,
         130.45322   , 105.30602   , 177.65718   ,   0.6054122 ,
         129.9409    , 136.28487   , 104.35751   , 131.07658   ,
          13.447115  ,  11.47794   ,  63.261234  , 107.34373   ,
          95.54048   , 105.418564  ,  65.05727   , 104.27969   ,
         105.35862   ,  84.80581   ,  85.268234  , 179.90611   ,
          58.313587  ,  93.339874  , 179.56808   ,  60.207237  ,
         108.59678   ,  68.317535  , 104.1296    , 104.288925  ,
          59.394817  ,  33.31129   , 150.31459   ,  52.559753  ,
         100.202385  ,   0.291748  , 121.75697   , 170.4632    ,
          15.315807  , 103.45643   ,  41.588863  , 105.51835   ,
          12.223268  ,  38.04851   ,  59.21572   ,  13.2612095 ,
          13.498931  , 167.27887   , 128.34845   , 107.4871    ,
         105.420135  , 179.15831   , 129.34062   ,  11.521083  ,
         137.49297   ,  11.384408  ,  23.275892  , 104.72558   ,
         179.5712    ,  98.17471   ,  12.310981  , 145.64244   ,
          68.86919   ,  40.4027    , 105.45894   ,  85.30915   ,
          93.233635  , 104.68138   , 170.29477   ,  58.265114  ,
         101.81668   ,  26.208647  , 107.61206   , 167.19958   ],
        [105.32999   , 105.335434  , 105.461685  , 105.33682   ,
          96.577446  , 105.49184   , 105.483185  , 130.43413   ,
          84.530495  , 105.20042   , 105.25979   ,  84.013145  ,
         117.0131    , 104.76941   ,  77.69697   , 105.42975   ,
          94.419876  , 125.82119   , 105.447556  , 160.84894   ,
         105.41844   , 105.4174    ,  16.42757   , 104.784676  ,
         138.707     , 104.76908   , 104.71597   ,  16.489738  ,
          78.47998   , 105.431274  , 105.44014   ,  77.554504  ,
         138.69461   ,  16.143452  , 104.72077   ,  16.551266  ,
         179.54228   , 131.62524   , 131.7125    , 104.835785  ,
         164.60963   , 160.54565   , 104.74559   , 137.7289    ,
         103.53891   , 138.27536   , 104.80683   ,  88.54792   ,
         138.64728   , 129.40448   , 102.96209   , 139.51949   ,
         164.75693   , 129.58151   , 137.7245    , 104.715675  ,
          83.75648   , 125.90804   ,  16.433237  , 137.76512   ,
         130.39793   ,  54.699593  , 103.590935  ,  78.435616  ,
         128.7299    , 125.80196   , 104.717     , 137.82051   ,
          79.5074    ,  66.4187    , 104.64805   , 125.85642   ,
         179.55997   , 104.57431   , 104.74762   , 160.64757   ,
          15.59848   , 104.64066   , 132.54102   ,  15.677748  ,
         137.62706   , 137.7247    ,  55.53669   , 102.54682   ,
         139.47865   , 104.724434  ,  17.191767  ,  66.594345  ,
         100.4474    ,  54.786312  , 146.30396   , 102.5738    ,
         149.17435   , 104.573944  ,  16.611212  , 179.61069   ,
         138.57034   , 137.30453   , 137.35172   , 145.65825   ,
         105.270195  , 100.59043   , 105.48741   ,  87.688446  ,
         138.36166   ,  66.40081   ,  17.534605  , 103.63308   ,
         106.4617    , 120.7856    , 138.64983   , 103.56784   ,
           6.4120264 , 124.34111   ,  88.61036   ,  16.504015  ,
         160.76541   , 103.5644    , 138.56992   ,  17.543495  ,
          16.626324  , 106.42933   , 128.76906   , 120.4601    ,
         101.75788   ,  49.58473   , 104.5824    , 131.65263   ,
         132.22247   , 125.99767   , 139.43248   ,  88.49718   ,
         131.58336   , 161.49686   , 125.73624   , 131.67401   ,
         173.6312    ,  17.46592   ,  55.259697  , 104.57382   ,
         105.348236  , 105.48637   , 160.76337   , 103.798676  ,
         125.88458   , 102.45662   , 102.55833   ,  80.45028   ,
         165.41829   , 105.185196  ,  81.49326   , 161.72824   ,
          66.72128   , 125.47356   , 103.64236   , 106.45362   ,
         165.15807   , 158.62726   , 137.65791   , 178.67386   ,
         106.46058   ,  29.604769  , 137.30034   , 162.68939   ,
         110.64441   ,  66.53688   ,  16.153666  , 104.616905  ,
           5.6588593 ,  94.434166  , 164.74023   , 122.56707   ,
         121.825325  , 137.73749   , 131.59651   , 105.39502   ,
         102.89122   ,  50.532326  , 132.51395   ,  15.718382  ,
         161.33931   ,   6.578127  ,  86.55268   , 125.89565   ,
         137.71736   ,  66.4514    ,  16.445442  , 137.6949    ,
         144.68869   ,  14.599745  , 125.83432   ,  78.50902   ,
         106.48047   , 125.79606   , 163.56758   ,  19.646992  ,
         105.434326  , 176.20436   , 106.24456   , 138.59712   ]]],
      dtype=float32), array([[[-5.68757534e-01, -5.73556900e-01, -5.54510951e-01,
         -5.65786242e-01,  1.38936073e-01, -5.58547378e-01,
         -5.86703897e-01,  2.72389889e+00,  1.87953800e-01,
         -4.24760610e-01, -4.43018705e-01,  3.68053794e-01,
          2.59599507e-01, -2.85949856e-01, -2.71004766e-01,
          6.50903821e-01,  4.24537539e-01,  2.60777980e-01,
          6.93224430e-01,  4.83354509e-01,  7.57601261e-01,
          1.03414607e+00,  3.08028460e-02,  7.79770374e-01,
         -2.43029475e-01,  8.46627116e-01,  4.87828404e-01,
         -4.60022688e-02,  5.38370788e-01,  1.09515417e+00,
          4.80591536e-01,  8.23666215e-01,  9.36978221e-01,
         -1.06264219e-01,  5.56428611e-01,  1.07660241e-01,
          1.08067060e+00, -6.00617379e-02,  7.18354583e-01,
          2.09959596e-01,  6.64003566e-02, -8.27113539e-02,
          6.20178938e-01,  6.43686652e-01,  2.64803432e-02,
         -2.89614856e-01,  1.34539640e+00, -4.10910994e-02,
          7.00815082e-01, -1.87096447e-01,  2.62951881e-01,
          7.15760589e-01,  6.74588919e-01,  7.22224951e-01,
          6.39865041e-01,  5.92424870e-01,  3.15685093e-01,
          3.09957862e-01, -3.94211054e-01, -1.50653452e-01,
          2.75274301e+00,  1.97752193e-02,  9.45923924e-01,
          5.09285443e-02,  5.00286557e-02,  1.64692834e-01,
          5.95870137e-01, -2.68772781e-01, -2.06940472e-01,
         -4.26855713e-01,  8.12656879e-01,  1.10119514e-01,
         -7.59041160e-02,  9.03145373e-02,  1.31510961e+00,
          7.33593106e-01,  8.47249985e-01,  1.04112327e+00,
          8.02043438e-01,  9.03539896e-01,  6.78156614e-01,
         -8.10719877e-02,  6.51630044e-01,  2.08374947e-01,
          3.05308223e-01,  6.52198792e-01,  1.53513217e+00,
         -6.11396670e-01, -3.58821064e-01,  7.84348607e-01,
          9.73674357e-02,  1.33241683e-01,  1.03298354e+00,
          1.00972152e+00,  1.03249907e+00,  1.41783178e-01,
          7.04923034e-01, -5.28438807e-01, -3.94154489e-02,
          7.86391377e-01,  1.53663754e-03,  7.00036645e-01,
         -2.28247732e-01,  8.59242320e-01, -1.08586535e-01,
         -4.64686900e-01,  8.15985799e-01, -9.18320417e-02,
          7.17831373e-01,  8.65919352e-01,  1.88508570e-01,
          6.23161756e-02,  2.16021016e-02,  1.13613591e-01,
          1.17362857e+00,  7.30687156e-02,  5.72238564e-01,
          1.16794956e+00,  6.73144817e-01,  8.08310866e-01,
         -9.82587039e-02,  7.51928926e-01,  8.60092282e-01,
         -1.94429994e-01, -1.85418814e-01,  1.88201740e-01,
          8.32946897e-02, -1.49184242e-02,  3.27131525e-02,
          1.41874269e-01,  8.75149444e-02, -1.62284747e-01,
         -1.43815205e-01,  7.22843766e-01,  7.28343606e-01,
          9.67007503e-02, -8.50981921e-02,  2.60916471e-01,
          2.37145856e-01,  7.53710270e-01, -2.47505516e-01,
         -1.43417299e-01,  9.13728833e-01,  6.31849647e-01,
          2.76051223e-01, -1.31680146e-01,  5.22208631e-01,
          4.82751697e-01,  8.07787895e-01,  7.76574850e-01,
          6.38663173e-02,  3.96989405e-01, -5.02670407e-01,
          3.80257756e-01,  1.19999194e+00,  2.68054634e-01,
          1.51491910e-01,  6.54281616e-01,  6.99486613e-01,
         -5.91097474e-02,  6.99552178e-01,  7.48730183e-01,
         -2.29157239e-01, -1.32023752e-01,  8.45493436e-01,
         -6.44416213e-01, -3.60067934e-01,  1.44496059e+00,
          7.95099258e-01,  5.76665819e-01,  2.21983656e-01,
          9.30718303e-01, -3.25627998e-02, -3.07074487e-02,
          7.04455376e-01,  5.18158786e-02,  4.95277107e-01,
          1.08144510e+00,  7.20076442e-01,  9.46666449e-02,
          6.53852597e-02,  8.59233856e-01,  8.07965040e-01,
          4.22708184e-01,  2.25891754e-01, -4.32060212e-01,
          1.42342448e-02, -8.06630403e-02, -2.21874923e-01,
          1.65834278e-01,  2.44222328e-01,  7.52757430e-01,
          8.68266225e-01,  1.71388090e-01,  7.85207510e-01,
          6.91832304e-01, -1.54056698e-02, -1.56176388e-02,
          2.31486857e-01,  8.08799624e-01]]], dtype=float32), array([[[-1.74366438e+00, -1.74632251e+00, -1.70986652e+00,
         -1.73746073e+00,  6.51750922e-01, -1.72347534e+00,
         -1.75861120e+00,  1.12950933e+00,  5.88990033e-01,
         -1.84090674e+00, -1.78837299e+00,  5.84492266e-01,
          7.14639485e-01, -1.55307245e+00, -1.77469981e+00,
          2.56174430e-02,  5.47965467e-01,  5.32244802e-01,
         -3.33852768e-01,  6.22049928e-01,  1.97404757e-01,
          1.35497972e-01, -4.36439291e-02,  2.87819445e-01,
         -2.22217545e-01,  4.43955600e-01,  3.74823511e-01,
         -1.47849888e-01,  3.32799733e-01,  3.42951298e-01,
          2.95579851e-01,  3.51481199e-01,  5.79710364e-01,
         -1.38830647e-01,  3.64887536e-01, -1.21571749e-01,
          4.82429922e-01, -1.64995998e-01,  3.49180043e-01,
         -4.27354991e-01, -7.24671185e-02, -1.85462594e-01,
          3.20450187e-01,  3.48732412e-01, -5.70608735e-01,
         -2.49221578e-01,  1.42589942e-01, -7.22371712e-02,
          4.67975914e-01, -1.89197868e-01,  2.20422697e+00,
          3.79393280e-01,  3.78729343e-01,  4.56069410e-01,
          3.42277169e-01,  3.51397455e-01,  4.52081978e-01,
          6.02681816e-01, -7.90846229e-01, -1.33215606e-01,
          1.12215865e+00, -2.05839992e-01,  5.13239920e-01,
         -6.83589518e-01, -1.49404556e-02,  3.09041262e-01,
          3.74401093e-01, -2.29367837e-01, -1.55822062e+00,
         -1.04928219e+00,  3.91344309e-01,  2.50374615e-01,
         -8.81240964e-02, -2.90338546e-01, -2.85432577e-01,
          3.34774852e-01,  5.37618279e-01,  4.23729718e-01,
          5.16786456e-01,  5.25169611e-01,  3.73128414e-01,
         -2.70730615e-01,  4.81252253e-01, -3.55309367e-01,
          8.21880102e-02,  3.97311151e-01,  5.04122853e-01,
         -1.03442144e+00, -1.23381507e+00,  5.02387464e-01,
         -1.30441755e-01, -5.16119301e-01,  6.76877797e-01,
          4.52238202e-01,  6.27833843e-01, -1.65854096e-02,
          4.84655738e-01, -9.46409822e-01, -1.49695903e-01,
          4.51605320e-01, -6.66264355e-01,  1.89316705e-01,
         -9.32744324e-01,  4.56601262e-01, -2.03175694e-01,
         -9.92046595e-01,  4.96162236e-01, -7.22063959e-01,
          4.42945838e-01,  3.51143420e-01,  3.92959535e-01,
         -5.95123529e-01, -7.27869198e-02,  1.88841805e-01,
          3.57630670e-01, -9.36746970e-03,  6.95371091e-01,
          4.30163026e-01,  4.79210258e-01,  5.07417023e-01,
         -6.77269250e-02,  3.94268155e-01,  3.57756138e-01,
         -3.00782442e-01, -9.90906060e-01, -7.32391775e-02,
         -5.97894430e-01, -1.88599348e-01, -8.60741213e-02,
          3.13906312e-01, -2.16304779e-01, -4.37565863e-01,
         -2.90883243e-01,  4.90277231e-01,  3.80801201e-01,
         -6.85807243e-02, -1.91433489e-01,  3.17077562e-02,
         -6.47878572e-02,  2.07219410e+00, -9.45648730e-01,
         -7.57445931e-01,  3.40425730e-01,  5.52804708e-01,
          4.81432438e-01, -1.15609860e+00,  2.88737953e-01,
          5.46355426e-01,  4.11452055e-01,  3.06232154e-01,
         -1.93736121e-01,  5.28630197e-01, -1.05843854e+00,
          5.61413169e-01,  3.96142960e-01, -2.47493908e-01,
         -3.47773731e-03,  4.52449441e-01,  4.79162395e-01,
         -1.96197420e-01,  3.64372492e-01,  4.14638519e-01,
         -2.93140888e-01, -1.61839545e-01,  3.07414472e-01,
         -9.97493386e-01, -5.98531187e-01,  1.19749904e+00,
          5.46979249e-01,  7.57202268e-01,  3.54105353e-01,
          3.83058906e-01, -1.62889808e-01, -1.64690986e-01,
          4.70656276e-01, -6.32491767e-01,  1.60097063e+00,
          5.71448147e-01,  4.85840023e-01, -1.85541883e-02,
         -2.51143396e-01,  5.10085523e-01,  3.54247510e-01,
          1.73814461e-01,  4.90890443e-02, -9.78597105e-01,
         -4.09061909e-02, -1.82717934e-01, -9.71919671e-02,
          5.49874455e-03,  2.42087260e-01,  3.25264275e-01,
          4.66257930e-01,  3.38299334e-01,  4.35776770e-01,
          4.52510297e-01, -4.51109529e-01, -7.25467950e-02,
          1.91298938e+00,  4.58741426e-01],
        [-2.03224444e+00, -2.02390432e+00, -1.93375349e+00,
         -2.01372051e+00,  1.60808718e+00, -2.00544596e+00,
         -2.11280131e+00,  2.57007551e+00,  1.40013623e+00,
         -2.00214815e+00, -1.97143984e+00,  9.86480832e-01,
          1.69086850e+00, -1.47324860e+00, -1.67947042e+00,
          4.63332236e-02,  1.41780913e+00,  1.19765139e+00,
         -2.40292743e-01,  1.43394065e+00,  2.70985574e-01,
          2.21959621e-01,  6.88028872e-01,  4.03355628e-01,
          6.06714249e-01,  5.15211523e-01,  3.53370398e-01,
          6.11739814e-01,  4.15810198e-01,  4.36985016e-01,
          3.85189354e-01,  4.77255583e-01,  9.16536331e-01,
          5.60748279e-01,  3.46070468e-01,  5.76649129e-01,
          7.75427341e-01,  6.25453591e-01,  6.22212410e-01,
          4.68969047e-02,  7.45930314e-01,  5.46583176e-01,
          3.25736880e-01,  5.89268982e-01,  1.07087389e-01,
          3.92837346e-01,  4.18674976e-01,  6.84333622e-01,
          5.80174029e-01,  5.72551250e-01,  6.91919506e-01,
          5.48901081e-01,  6.49514496e-01,  6.47670329e-01,
          5.26647568e-01,  3.64882708e-01,  1.20609915e+00,
          1.37386167e+00, -6.77428842e-01,  6.31339371e-01,
          2.53482914e+00,  5.29502690e-01,  5.73827088e-01,
         -1.07933417e-01,  6.86752617e-01,  6.73928022e-01,
          3.80526543e-01,  4.64146256e-01, -1.36105061e+00,
         -1.09456515e+00,  4.85013485e-01,  9.19177711e-01,
          6.66240394e-01,  3.63514274e-01,  2.11105675e-01,
          5.38310707e-01,  6.97409332e-01,  5.05787909e-01,
          1.11955523e+00,  7.73041308e-01,  5.77831268e-01,
          3.64601910e-01,  6.14661992e-01,  4.06618178e-01,
          7.85702348e-01,  4.13473338e-01,  1.23501432e+00,
         -1.05130982e+00, -1.20772731e+00,  6.39004827e-01,
          5.35989583e-01,  2.25959778e-01,  1.55633807e+00,
          4.58502650e-01,  8.05304468e-01,  7.07571805e-01,
          5.37984967e-01, -8.07449162e-01,  5.11672735e-01,
          6.15952015e-01, -1.28170714e-01,  3.14922750e-01,
         -5.48776329e-01,  7.15743959e-01,  3.76290381e-01,
         -9.39559042e-01,  6.77095413e-01, -4.01791692e-01,
          4.55580980e-01,  6.04390323e-01,  8.49397182e-01,
          3.20108533e-02,  6.01530135e-01,  8.94632995e-01,
          6.60522640e-01,  6.74398184e-01,  1.48202717e+00,
          8.59122694e-01,  5.49243450e-01,  6.63436294e-01,
          5.43809354e-01,  5.09590566e-01,  5.67135692e-01,
          4.41261649e-01, -6.57911420e-01,  5.76339900e-01,
         -1.88555717e-02,  4.52617347e-01,  5.34205556e-01,
          9.44699466e-01,  3.79016221e-01,  1.68285370e-01,
          4.11521435e-01,  6.06057763e-01,  7.34529078e-01,
          8.39123905e-01,  6.08275473e-01,  7.65557349e-01,
          4.84067500e-01,  6.41341984e-01, -6.00158274e-01,
         -3.15256059e-01,  1.28062999e+00,  1.43715429e+00,
          1.24484718e+00, -1.03269649e+00,  4.19178307e-01,
          9.60904896e-01,  6.31961882e-01,  1.11391830e+00,
          4.63427186e-01,  1.33344710e+00, -1.10646522e+00,
          1.47288203e+00,  6.51830792e-01,  3.80094528e-01,
          6.68700755e-01,  6.19724929e-01,  6.17783010e-01,
          4.43915009e-01,  3.95196497e-01,  6.82717860e-01,
          3.78576577e-01,  5.64655662e-01,  4.85743463e-01,
         -9.84854996e-01, -3.37742567e-01,  6.80454075e-01,
          7.06184685e-01,  1.40995598e+00,  1.23119199e+00,
          5.94936371e-01,  6.68319941e-01,  5.39655328e-01,
          5.90621889e-01, -7.28443116e-02,  7.45279729e-01,
          7.99814522e-01,  5.94982862e-01,  6.42691553e-01,
          3.60947907e-01,  6.39460981e-01,  5.26128590e-01,
          5.72721660e-01,  8.07513535e-01, -7.25297689e-01,
          6.07490957e-01,  5.52350938e-01,  6.51946545e-01,
          6.73146307e-01,  8.19374740e-01,  4.54200268e-01,
          5.41867256e-01,  6.80866838e-01,  6.30852878e-01,
          6.26096725e-01,  1.64218336e-01,  5.72561741e-01,
          4.92755413e-01,  5.94530702e-01],
        [-5.89924812e-01, -6.12704515e-01, -6.03920102e-01,
         -6.16710186e-01,  3.63001823e-01, -6.08920395e-01,
         -6.34480417e-01,  1.35927868e+00,  3.66530299e-01,
         -5.16840935e-01, -4.69204992e-01,  4.13736284e-01,
          4.32929277e-01, -1.04446664e-01, -1.80057809e-01,
          2.68452138e-01,  3.71648282e-01,  4.58484977e-01,
          3.41745019e-02,  4.06578034e-01,  3.99354279e-01,
          3.57355744e-01,  2.25175261e-01,  4.91580367e-01,
          3.09005499e-01,  4.63527560e-01,  3.42347085e-01,
          3.50021333e-01,  3.40638816e-01,  5.34415007e-01,
          3.45064074e-01,  4.81494337e-01,  6.29578054e-01,
          3.28007072e-01,  3.36406499e-01,  4.12540764e-01,
          5.87934256e-01,  3.24326217e-01,  4.64342475e-01,
          1.60348698e-01,  3.35635692e-01,  3.35820347e-01,
          3.46019894e-01,  3.95763248e-01,  1.66431665e-01,
          3.31956118e-01,  5.41347325e-01,  3.58725786e-01,
          3.70865136e-01,  3.13966304e-01,  3.61195982e-01,
          3.37061614e-01,  4.07461047e-01,  4.03269887e-01,
          3.25448722e-01,  3.68848264e-01,  4.04957533e-01,
          5.78798950e-01,  4.30050120e-03,  3.70578229e-01,
          1.30005574e+00,  3.30742061e-01,  4.62289602e-01,
          2.19032943e-01,  3.93008500e-01,  3.88903886e-01,
          3.48754197e-01,  3.67670625e-01,  3.62504646e-03,
         -1.24883041e-01,  3.79152775e-01,  3.56435627e-01,
          4.00584012e-01,  3.09589535e-01,  3.69934946e-01,
          3.51403743e-01,  4.81545627e-01,  4.45471287e-01,
          4.46123242e-01,  5.02130508e-01,  3.67280960e-01,
          3.79312724e-01,  3.91736656e-01,  3.00213814e-01,
          4.66427743e-01,  3.87194306e-01,  8.51171136e-01,
         -2.52771258e-01, -1.26444444e-01,  4.55446362e-01,
          4.24775779e-01,  2.47936219e-01,  8.75722170e-01,
          3.92043233e-01,  6.20471001e-01,  4.19542134e-01,
          3.92048389e-01,  3.87866944e-02,  4.25585955e-01,
          4.15830970e-01,  5.94506077e-02,  3.37277800e-01,
         -1.16026327e-01,  4.19296771e-01,  3.47799450e-01,
         -9.09269899e-02,  4.75808918e-01, -9.41653922e-03,
          4.08032745e-01,  4.38253552e-01,  3.28176945e-01,
          1.03400350e-01,  4.10921395e-01,  4.22117412e-01,
          5.05404890e-01,  2.93552428e-01,  5.18518150e-01,
          6.88548446e-01,  3.77926290e-01,  4.73328531e-01,
          3.86304468e-01,  4.15647715e-01,  4.06160057e-01,
          2.94209838e-01,  1.24016881e-01,  4.80323106e-01,
          1.47321805e-01,  1.59482285e-01,  3.75915200e-01,
          3.74562144e-01,  3.55552882e-01,  1.22366011e-01,
          3.02952766e-01,  4.25762653e-01,  4.26459372e-01,
          4.48492587e-01,  3.45624417e-01,  5.24632692e-01,
          4.21408504e-01,  2.98936367e-01, -1.22273758e-01,
         -3.40901576e-02,  3.35014671e-01,  5.04249275e-01,
          4.67891425e-01, -1.43558532e-03,  2.97733903e-01,
          4.45103645e-01,  4.05975968e-01,  4.47034419e-01,
          3.10709506e-01,  3.10840189e-01, -1.99909240e-01,
          3.60079527e-01,  6.09344780e-01,  2.71470279e-01,
          4.12119180e-01,  3.72596651e-01,  4.14771646e-01,
          3.04738373e-01,  3.53457123e-01,  4.23227817e-01,
          2.91110873e-01,  3.68447840e-01,  3.80052090e-01,
         -3.04287940e-01,  1.04231283e-01,  5.16417205e-01,
          4.71521050e-01,  5.32147050e-01,  3.10864508e-01,
          4.21546102e-01,  3.45563978e-01,  4.09663409e-01,
          3.98133337e-01,  1.52772665e-01,  3.76002938e-01,
          5.67329645e-01,  3.97979081e-01,  4.64283586e-01,
          3.54802579e-01,  4.38426465e-01,  3.61197889e-01,
          5.12356460e-01,  4.64095473e-01, -1.28484629e-02,
          4.60025102e-01,  4.02282685e-01,  3.20424199e-01,
          4.37022597e-01,  4.27895963e-01,  3.75976831e-01,
          4.13099706e-01,  4.41628933e-01,  4.01674032e-01,
          4.00366962e-01,  1.54344112e-01,  3.61614138e-01,
          2.51818389e-01,  4.05649692e-01]]], dtype=float32), array([[[ 6.18068427e-02,  4.00698408e-02,  4.94196042e-02,
          4.68226820e-02, -1.00062251e+00,  4.25152592e-02,
          3.61318737e-02,  9.47317541e-01, -9.77123141e-01,
          7.36342147e-02,  3.86801697e-02, -9.52957749e-01,
          9.76864576e-01,  5.76374084e-02, -1.13890789e-01,
         -3.00161559e-02, -9.27105010e-01,  7.94806123e-01,
         -4.13843125e-01,  2.91090012e-01, -5.42435646e-02,
         -7.64060393e-02,  6.91947222e-01, -2.45437343e-02,
         -3.17959815e-01, -3.69059667e-02, -2.36694794e-02,
          8.84988010e-01, -3.04932147e-03, -4.90650460e-02,
          3.38111073e-04, -1.58433858e-02, -4.25474197e-02,
          9.02541816e-01, -2.79478710e-02,  7.70319462e-01,
         -4.90330532e-03,  8.52977276e-01, -2.81207021e-02,
         -8.37732777e-02,  7.46708333e-01,  4.76723284e-01,
         -2.91697998e-02, -2.40475368e-02, -1.63260505e-01,
          5.22032797e-01, -2.39166711e-02,  1.98470622e-01,
         -6.99700639e-02,  7.28379041e-02, -2.45154053e-01,
         -4.48526219e-02,  5.52795529e-02, -3.71626243e-02,
         -2.05426719e-02, -2.99571250e-02, -7.07945168e-01,
          9.04084444e-01, -2.13089675e-01,  2.84221351e-01,
         -6.44064605e-01,  6.55394077e-01, -2.68040281e-02,
         -8.80856514e-02, -2.14402024e-02, -7.72855639e-01,
         -3.93780991e-02,  4.57668275e-01, -7.30875582e-02,
         -8.01616907e-02, -2.68930104e-02, -3.08509618e-01,
         -9.12441835e-02, -1.56507388e-01, -1.72080055e-01,
         -6.00244030e-02, -3.52660269e-02, -3.77124622e-02,
         -1.07934140e-03, -9.54689272e-03, -5.70355952e-02,
          3.35335672e-01, -4.90488783e-02, -1.81405202e-01,
         -4.30424064e-02, -3.34596485e-02,  4.84395385e-01,
         -1.76763520e-01, -1.19637035e-01, -5.85806295e-02,
          7.59946346e-01, -1.51643530e-01,  1.89034477e-01,
         -3.44150588e-02,  1.00646876e-02, -1.33934945e-01,
         -4.93155122e-02,  3.53265405e-01,  4.74788606e-01,
         -3.40593532e-02, -3.37195426e-01, -2.21355017e-02,
         -1.94147870e-01, -2.80895438e-02,  2.06001669e-01,
         -6.70697838e-02, -2.13836860e-02, -2.69134138e-02,
         -2.72150245e-02, -2.04539001e-01, -4.29667115e-01,
         -1.84217602e-01,  6.55273020e-01, -1.37724280e-01,
         -3.29387113e-02,  6.45567596e-01,  1.41439304e-01,
         -1.14501752e-01, -6.38865307e-02, -1.38295814e-02,
          6.21430278e-02, -4.64047268e-02, -3.19600552e-02,
          4.10343081e-01,  4.55701724e-04, -1.24496453e-01,
         -1.46044865e-01, -5.48197627e-01,  4.41443354e-01,
         -6.85054898e-01,  1.65574595e-01, -1.37314826e-01,
         -1.13286845e-01, -4.54885885e-02,  1.03341796e-01,
          5.59156775e-01, -1.44694611e-01, -1.02601208e-01,
          1.38693944e-01, -2.55492419e-01, -1.48189917e-01,
         -7.53777102e-02,  1.93502620e-01, -6.40911222e-01,
          9.37354386e-01,  3.90882045e-02,  2.05031503e-03,
         -5.38830698e-01, -6.47106022e-03, -4.66115534e-01,
         -2.63796777e-01, -2.25465432e-01, -1.68906853e-01,
         -7.28898048e-01,  4.84444275e-02, -1.54266492e-01,
          3.54129463e-01, -3.31271961e-02, -5.42148873e-02,
         -8.92090425e-02, -1.56846140e-02, -3.50357071e-02,
          6.83598697e-01,  1.46223262e-01, -1.91929024e-02,
         -2.05958441e-01,  3.25213969e-01, -2.50254750e-01,
         -1.06140077e-02, -6.49761915e-01,  1.54726788e-01,
         -3.10132969e-02,  1.51193544e-01,  2.79833555e-01,
         -3.23063657e-02, -1.55385867e-01, -2.24291950e-01,
         -2.99331341e-02, -2.32785363e-02, -8.79675150e-02,
          2.66637325e-01, -3.47419307e-02, -2.21935157e-02,
         -5.30745387e-01, -1.19974308e-01, -1.42361060e-01,
         -1.01477005e-01,  1.57578409e-01,  8.65289927e-01,
          4.00540739e-01,  8.61039981e-02,  1.75633375e-02,
         -5.99278063e-02, -8.17865908e-01, -3.74698564e-02,
         -3.63751352e-02, -5.15157819e-01,  1.15897462e-01,
         -2.42775887e-01, -6.03859201e-02],
        [ 9.92072165e-01,  9.76977766e-01,  9.71006989e-01,
          9.51294720e-01,  6.18754253e-02,  9.58466172e-01,
          9.67199504e-01, -7.41019994e-02,  7.10627586e-02,
          1.00378883e+00,  1.01667023e+00, -1.54551849e-01,
          7.16500282e-02,  9.52367842e-01, -9.99310613e-01,
         -7.44991004e-03,  2.05588043e-01, -1.35630295e-02,
          2.23170966e-04,  6.23123586e-01, -3.08683254e-02,
          2.13384628e-05, -5.55252768e-02,  9.47132707e-04,
          9.65384170e-02, -4.95075323e-02, -2.56218016e-03,
         -1.99512407e-01, -7.90112615e-02, -4.84330840e-02,
         -2.40212977e-02, -1.15947768e-01, -6.53277040e-02,
         -2.34766141e-01,  1.19732041e-02, -1.58801556e-01,
         -7.97732174e-02,  4.81473282e-03, -6.05168603e-02,
         -1.69203505e-02,  7.44572133e-02, -2.24540010e-03,
          2.07487866e-02, -8.37973803e-02, -9.96436924e-02,
          3.63409445e-02,  5.06213829e-02, -2.72853792e-01,
         -1.00574300e-01,  2.52248719e-03, -6.11322701e-01,
         -8.77597183e-02, -6.98674470e-02, -1.06002048e-01,
         -1.00586817e-01,  1.69100631e-02, -7.18043447e-02,
          6.70473576e-02, -9.55905199e-01, -1.12823308e-01,
          1.63146704e-01, -9.57115740e-02, -1.26906171e-01,
         -3.81465703e-01, -2.36028656e-01, -2.80356616e-01,
         -1.56318136e-02, -6.71895444e-02, -9.51281071e-01,
         -6.04122698e-01, -3.09978835e-02, -1.39236256e-01,
         -4.29328196e-02, -1.09025151e-01,  9.21104476e-02,
         -1.05109140e-01, -6.93915337e-02, -8.48332047e-03,
         -1.32922128e-01, -5.62097691e-02, -8.95550251e-02,
         -1.36637911e-02, -8.32444727e-02, -4.50950973e-02,
         -1.00442842e-01,  9.95792449e-04, -1.65128335e-01,
         -7.79938996e-01, -1.92435265e-01, -6.39775991e-02,
         -1.51307568e-01, -6.39758408e-02,  4.56514210e-02,
         -5.53494580e-02, -1.07957944e-01, -7.67372698e-02,
         -1.29610598e-01,  1.53378159e-01, -4.30128984e-02,
         -8.81527811e-02,  6.29359484e-01, -2.21602581e-02,
          7.76014507e-01, -7.72602707e-02, -9.80703384e-02,
         -5.85922599e-01, -8.29684138e-02,  8.67282227e-02,
         -4.50559072e-02, -1.26970157e-01, -4.93109554e-01,
          5.48340753e-02, -2.37036481e-01, -2.61652172e-01,
         -9.93586630e-02, -3.92965674e-01,  5.71189880e-01,
         -1.91612199e-01, -1.22922286e-01, -9.15935636e-02,
         -2.55241930e-01, -4.01016064e-02, -7.83570856e-02,
         -2.08910853e-01,  8.70275795e-02, -2.06453562e-01,
         -5.30698933e-02, -4.57979649e-01, -7.02250749e-04,
         -1.70152143e-01, -9.40320939e-02, -2.39606157e-01,
          2.11165592e-01, -1.31985277e-01, -1.25528127e-01,
          4.29509915e-02,  4.01811786e-02, -3.89112867e-02,
         -1.05097771e-01, -4.70578700e-01,  7.77048409e-01,
         -5.68423420e-04,  5.44174194e-01,  2.40180835e-01,
          1.90928951e-02,  4.63243425e-01, -6.38916343e-02,
         -3.82083297e-01, -1.05081171e-01,  2.36327022e-01,
         -2.42315963e-01, -1.47070542e-01, -8.04729581e-01,
         -2.48273775e-01, -9.75490808e-02, -1.09873950e-01,
         -1.89684443e-02, -6.35937899e-02, -1.17350817e-01,
         -1.47193670e-04, -2.10066028e-02, -7.46274441e-02,
         -4.22773175e-02,  7.78658241e-02, -1.12423763e-01,
         -9.51288342e-01, -6.81045353e-01, -1.17327571e-01,
         -7.72282034e-02,  7.98853934e-02, -8.31760317e-02,
         -1.36542395e-01, -3.73231061e-02, -7.53321350e-02,
         -1.17097154e-01, -8.59760493e-02, -3.42674792e-01,
         -4.69884388e-02, -1.18936568e-01, -1.69469580e-01,
         -4.06175666e-02, -9.99873132e-02, -9.45087671e-02,
          6.11264184e-02, -9.56072211e-02, -5.25403023e-01,
          1.42845847e-02, -4.23664860e-02, -1.55921444e-01,
         -6.83101118e-02,  1.27750620e-01, -1.78450748e-01,
         -7.58506954e-02, -6.80715293e-02, -1.14960670e-01,
         -1.04740784e-01, -1.78853832e-02,  5.60834780e-02,
         -3.55228394e-01, -1.48615643e-01]]], dtype=float32), array([[[ 2.68594138e-02,  2.75933109e-02,  2.98225060e-02,
          2.33068392e-02,  1.13340318e-02,  2.79661343e-02,
          1.98262315e-02,  2.47886553e-02,  2.04838701e-02,
          6.94825640e-03,  2.05615479e-02,  2.07333472e-02,
          1.47568639e-02,  1.39074922e-02,  1.87691599e-02,
         -5.02116047e-03,  1.75361522e-02,  1.41796600e-02,
         -6.26420900e-02,  1.58606004e-02,  1.72881931e-02,
         -3.38818356e-02,  4.64420840e-02,  2.56692506e-02,
          9.34259966e-03,  1.82347111e-02,  4.05704640e-02,
          4.45535928e-02,  6.42599463e-02,  1.18858665e-02,
          6.66176751e-02,  2.92631797e-02,  5.11806682e-02,
          3.88929732e-02,  3.78422551e-02,  2.53393576e-02,
          7.77168870e-02,  4.01159525e-02,  6.63190112e-02,
          2.70728879e-02,  4.61004749e-02,  3.24138664e-02,
          3.93742062e-02,  8.31295624e-02,  3.28891315e-02,
          3.60454246e-02,  3.22102420e-02,  1.86280850e-02,
          6.30871654e-02,  3.41424383e-02, -4.23503667e-03,
          7.83442482e-02,  9.59239379e-02,  6.98025376e-02,
          8.69290754e-02,  3.80288400e-02,  1.39355808e-02,
          2.17848849e-02,  1.09726507e-02,  2.05509383e-02,
          2.61588618e-02,  3.52363698e-02,  2.91436128e-02,
          5.78432204e-03,  1.77091993e-02,  1.88117139e-02,
          4.15853560e-02,  3.82176414e-02,  2.61745602e-02,
          2.70991176e-02,  4.09646705e-02,  2.53759958e-02,
          2.57770009e-02,  4.55828384e-02, -3.14469729e-03,
          7.35924840e-02,  7.73707107e-02,  2.98333913e-02,
          9.38089862e-02,  7.79699162e-02,  5.83904050e-02,
          2.60154456e-02,  7.94928968e-02,  4.11711931e-02,
          7.29507348e-03,  3.46208550e-02,  5.33537520e-03,
          3.68771926e-02,  2.11902000e-02,  7.61577785e-02,
          3.11193839e-02,  3.73916067e-02, -9.93221626e-03,
          3.90322022e-02,  7.54993111e-02,  1.77405681e-02,
          6.77596852e-02,  3.82257551e-02,  3.65509652e-02,
          7.69798383e-02,  1.95787121e-02,  3.75809222e-02,
          3.44735757e-02,  6.78847879e-02,  1.85442064e-02,
          2.90739276e-02,  8.01042393e-02,  8.86720046e-03,
          6.60165846e-02, -6.73628747e-02,  2.43821787e-03,
          2.85435356e-02,  2.79661044e-02,  1.32751036e-02,
          6.50825202e-02,  2.86135897e-02,  1.05344746e-02,
         -4.48513441e-02,  6.12308346e-02,  7.86080286e-02,
          2.72537023e-02,  5.59794344e-02,  7.88355917e-02,
          1.43177453e-02,  1.64500400e-02,  2.10194532e-02,
          4.13594507e-02, -2.45487746e-02,  2.63646878e-02,
          1.89909544e-02,  1.64555479e-02,  1.99408103e-02,
          1.77787356e-02,  7.92255849e-02,  7.95638636e-02,
          2.28271745e-02,  2.49931812e-02,  2.73510814e-02,
          2.32878998e-02, -6.48272689e-03,  3.31110284e-02,
          1.47572849e-02, -2.99420170e-02, -1.01771653e-02,
          2.51752771e-02,  3.45770456e-02,  6.81745857e-02,
          8.81216675e-03,  9.36055034e-02, -4.21830975e-02,
          2.10836772e-02,  4.69313636e-02,  3.36759314e-02,
          1.89118329e-02,  1.05082002e-02,  1.61066335e-02,
          1.01614706e-02,  8.79741311e-02,  6.29582331e-02,
          2.96591967e-02,  5.69938160e-02,  6.63884282e-02,
          4.16396968e-02,  3.73660848e-02,  6.24389239e-02,
          3.31004597e-02,  1.92998927e-02, -7.56638497e-02,
          8.68103206e-02,  2.46415474e-02,  7.37800309e-03,
          5.65124191e-02,  2.32412536e-02,  2.06889957e-02,
          8.02217424e-02,  3.82611044e-02,  3.82060977e-03,
          7.46079907e-02,  8.41521770e-02,  1.91389304e-02,
          2.11563483e-02,  8.11637044e-02,  7.83574879e-02,
          9.79233719e-03,  3.29671204e-02,  8.82929191e-03,
          4.26253714e-02,  3.44809555e-02,  4.58114520e-02,
          1.45242251e-02,  9.01239552e-03,  5.48168570e-02,
          5.02917431e-02,  1.15722679e-02,  7.88592398e-02,
          7.45639578e-02,  4.38119145e-03,  3.27776521e-02,
          2.19226610e-02,  7.01891035e-02],
        [-2.45053694e-03,  2.51134485e-03,  7.24485517e-03,
          8.79793614e-03, -2.11748183e-02,  8.66932422e-03,
          8.40783119e-03, -1.58941671e-02, -2.58771926e-02,
         -1.16337091e-04,  5.37276268e-03, -2.18631625e-02,
         -1.76470615e-02, -3.57915461e-03, -2.59558931e-02,
         -8.89350027e-02, -8.37251544e-03, -1.68302916e-02,
         -1.76177680e-01, -1.68403983e-02, -8.73527080e-02,
         -1.15036726e-01, -2.05352977e-02, -5.82828075e-02,
         -1.05974898e-02, -5.95174320e-02, -5.95138744e-02,
          2.86879912e-02, -6.45230114e-02, -7.96903223e-02,
         -7.23660290e-02, -5.96363954e-02, -3.13671678e-03,
         -1.00862123e-02, -4.52190451e-02,  3.71959284e-02,
         -3.36043388e-02,  1.00781918e-02, -9.75180790e-03,
         -2.08464116e-02, -1.42590068e-02, -2.97989696e-04,
         -4.85260412e-02, -1.80781074e-02, -1.25594251e-02,
         -5.60260564e-03, -9.80769470e-02, -2.33523920e-03,
         -2.71083191e-02, -1.36969537e-02, -6.88135102e-02,
         -2.56153047e-02, -2.05957852e-02, -4.15103473e-02,
         -2.52985023e-02, -5.31671196e-02, -5.42802848e-02,
         -1.98577158e-02, -1.66686997e-02,  1.03264451e-02,
         -1.88571326e-02, -4.84849140e-03, -1.60410851e-02,
         -9.93154570e-03,  1.83511525e-03, -3.81550193e-02,
         -5.33964932e-02,  3.98616493e-03, -6.42966405e-02,
         -4.69955057e-03, -3.60081382e-02, -2.21652947e-02,
          1.12236664e-02,  1.17189884e-02, -8.50048065e-02,
         -1.64761394e-02, -2.97139995e-02, -3.19744013e-02,
         -2.75731590e-02, -2.39847600e-02, -1.92244314e-02,
          1.23943612e-02, -3.93838622e-02, -2.96832062e-02,
         -1.19665414e-02, -4.83762808e-02, -5.50405048e-02,
         -1.33569390e-02, -2.02844478e-02, -3.20868418e-02,
          6.38290495e-03, -1.47471987e-02,  2.59174928e-02,
         -3.62840518e-02, -2.48393193e-02,  2.35856846e-02,
         -2.95627210e-02,  2.52278298e-02,  5.99517673e-03,
         -1.77716799e-02, -1.96731500e-02, -5.10371327e-02,
         -6.83560222e-03, -2.43363418e-02,  9.55930352e-03,
          2.43406147e-02, -2.94343568e-02,  2.08148360e-03,
         -6.11653253e-02, -1.12689063e-02, -6.31823391e-02,
         -2.70800292e-03,  1.61775872e-02, -2.96243709e-02,
         -3.65324318e-03, -5.11974841e-03, -9.04236734e-03,
          1.32234395e-03, -3.09859831e-02, -3.57871726e-02,
          1.19144469e-02, -6.35301843e-02, -2.37052739e-02,
         -9.58976895e-03, -3.90681252e-03,  6.12416118e-03,
         -1.52932741e-02, -4.51838560e-02, -3.44676524e-03,
          4.29182500e-03, -4.08690050e-03, -7.66110793e-03,
         -1.06690936e-02, -3.09667755e-02, -1.86806694e-02,
          1.46102011e-02, -1.04035214e-02,  3.74689698e-04,
         -1.23667195e-02, -4.64273393e-02, -1.32768042e-02,
          4.44921106e-03, -2.37476490e-02, -2.78541129e-02,
         -2.96636298e-03, -5.17114997e-04, -1.73951164e-02,
         -4.69141155e-02, -4.50532064e-02, -1.40989199e-01,
         -3.18499431e-02, -6.10184819e-02, -1.47094019e-02,
          3.38703766e-03, -4.94269580e-02, -2.20122673e-02,
          1.58826858e-02, -3.54239047e-02, -2.21038684e-02,
          1.56471878e-02, -6.32351115e-02, -2.75538377e-02,
          1.80410370e-02, -8.27260315e-03, -8.27573240e-03,
         -1.34961978e-02, -1.06922798e-02, -2.57795081e-02,
         -2.14817785e-02, -5.03417850e-03,  1.48766115e-03,
         -1.48549378e-02, -1.03564896e-02,  1.09931603e-02,
         -2.40828879e-02, -1.03558116e-02, -3.77158411e-02,
          2.91008055e-02, -2.95287371e-02,  2.02111155e-03,
          8.01298767e-03, -2.73176916e-02, -1.16456412e-02,
          8.00293684e-03, -1.47249438e-02,  1.63402706e-02,
          4.44225967e-04, -2.85566226e-03,  6.72259927e-03,
          2.11801976e-02, -3.05049699e-02, -2.24816389e-02,
         -6.39132783e-02, -5.28735816e-02, -1.71947517e-02,
         -2.80227680e-02, -8.79072174e-02, -7.10486248e-03,
         -6.36039004e-02, -1.80789232e-02]]], dtype=float32), array([[[-5.9389734, -5.9960895, -5.9346294, ..., -4.02523  ,
         -4.4826417, -5.564662 ],
        [-7.8362947, -7.4259048, -7.739655 , ..., -5.2163606,
         -4.736408 , -5.0854273],
        [-6.043536 , -5.583299 , -6.015549 , ..., -6.070788 ,
         -5.2111135, -5.6717925],
        ...,
        [-5.856484 , -6.2985597, -5.9039655, ..., -6.7562084,
         -7.1675434, -6.1321216],
        [-7.1767097, -6.816482 , -6.9913325, ..., -6.3148737,
         -3.9727728, -5.1558223],
        [ 3.1353474,  2.8470352,  2.9862154, ..., -6.295135 ,
         -4.1689553, -5.9275885]]], dtype=float32), array([[[0.0000000e+00, 0.0000000e+00, 0.0000000e+00, ...,
         0.0000000e+00, 0.0000000e+00, 6.2036514e-04],
        [0.0000000e+00, 0.0000000e+00, 0.0000000e+00, ...,
         4.5330524e-03, 3.2954812e-03, 0.0000000e+00],
        [9.5460415e-03, 6.2628984e-03, 1.3230562e-02, ...,
         3.6084652e-04, 9.9182129e-05, 1.0848045e-05],
        ...,
        [0.0000000e+00, 0.0000000e+00, 0.0000000e+00, ...,
         0.0000000e+00, 0.0000000e+00, 0.0000000e+00],
        [6.8819523e-04, 2.8449297e-04, 5.3113699e-04, ...,
         5.8817863e-04, 7.1494579e-03, 6.5326691e-05],
        [9.3114042e-01, 9.2980123e-01, 9.2939454e-01, ...,
         3.6346912e-04, 3.5929680e-04, 6.2203407e-04]]], dtype=float32), array([[[[ -5.613528 ,  -6.930894 ,  -7.066525 , ...,  -7.0709834,
           -7.202327 ,  -5.573601 ],
         [ -6.4059114,  -8.181079 ,  -8.604501 , ...,  -8.985663 ,
           -9.137746 ,  -6.6729765],
         [ -6.8368106,  -8.096978 ,  -8.40083  , ...,  -9.552486 ,
           -9.8932905,  -7.395584 ],
         ...,
         [ -7.7924266, -10.047485 , -10.384028 , ...,  -6.9866095,
           -6.5584874,  -5.559471 ],
         [ -7.4392276,  -9.450553 ,  -9.933661 , ...,  -6.234466 ,
           -6.4662333,  -5.079356 ],
         [ -5.524018 ,  -7.2933164,  -7.525192 , ...,  -5.7045703,
           -5.3148246,  -4.33027  ]],

        [[ -4.9928975,  -6.095585 ,  -6.4059215, ...,  -6.5649805,
           -6.4444366,  -4.9734735],
         [ -5.962781 ,  -7.031925 ,  -7.5327625, ...,  -7.8902903,
           -7.6409135,  -5.9652233],
         [ -6.023314 ,  -7.146509 ,  -7.493331 , ...,  -8.422442 ,
           -7.9770627,  -6.4819055],
         ...,
         [ -6.6477566,  -7.9232078,  -8.256538 , ...,  -6.0200305,
           -6.2164545,  -4.9636974],
         [ -6.0702205,  -7.8890715,  -7.832725 , ...,  -6.380674 ,
           -5.871402 ,  -4.7674103],
         [ -5.2537413,  -6.503916 ,  -7.024388 , ...,  -5.577071 ,
           -5.6536264,  -4.140635 ]],

        [[ -7.590106 ,  -9.526928 ,  -9.591933 , ...,  -9.658616 ,
           -9.585478 ,  -6.2267265],
         [-10.080646 , -12.39509  , -12.491654 , ..., -13.408015 ,
          -14.152024 ,  -8.849495 ],
         [ -9.517921 , -11.5963335, -10.768824 , ..., -12.973713 ,
          -13.173828 ,  -8.43582  ],
         ...,
         [-10.831981 , -12.959878 , -12.449425 , ...,  -8.907935 ,
          -10.309195 ,  -6.9256325],
         [-10.317432 , -13.22357  , -12.317016 , ...,  -9.801794 ,
          -10.333956 ,  -7.20566  ],
         [ -8.17353  ,  -9.654696 ,  -9.854762 , ...,  -7.5076756,
           -8.339946 ,  -5.5410852]],

        ...,

        [[ -6.892394 ,  -8.862171 ,  -9.139803 , ...,  -8.993033 ,
           -9.360726 ,  -6.456921 ],
         [ -8.508058 , -11.063498 , -10.65421  , ..., -11.641372 ,
          -11.402644 ,  -8.210401 ],
         [ -8.421239 , -10.195515 , -10.637688 , ..., -11.0248575,
          -11.6477375,  -8.019728 ],
         ...,
         [ -8.843716 , -11.53977  , -10.854819 , ...,  -8.254226 ,
           -8.398847 ,  -7.0897717],
         [ -8.670408 , -11.41348  , -11.324346 , ...,  -8.880046 ,
           -9.66124  ,  -6.8633027],
         [ -6.528736 ,  -8.740407 ,  -8.73111  , ...,  -8.00693  ,
           -8.031086 ,  -5.8664303]],

        [[ -6.492195 ,  -8.571083 ,  -9.240438 , ...,  -9.453307 ,
           -8.986333 ,  -6.2001038],
         [ -8.136198 , -10.577255 , -10.818802 , ..., -12.2231045,
          -11.492463 ,  -8.140665 ],
         [ -8.6469965, -10.536886 , -10.9501   , ..., -12.39379  ,
          -12.209866 ,  -8.477058 ],
         ...,
         [ -8.694254 , -11.41435  , -11.511528 , ...,  -6.0669785,
           -6.080719 ,  -6.5462346],
         [ -8.735777 , -10.931884 , -11.427689 , ...,  -5.494994 ,
           -5.7295036,  -5.7292013],
         [ -6.562478 ,  -8.359342 ,  -8.569684 , ...,  -5.746111 ,
           -6.1571736,  -5.284565 ]],

        [[ -6.8722067,  -8.622872 ,  -9.2613325, ...,  -8.915596 ,
           -9.308056 ,  -5.7448816],
         [ -8.460414 , -10.755942 , -10.927621 , ..., -11.560797 ,
          -12.261143 ,  -8.324035 ],
         [ -8.581569 , -10.408938 , -10.737248 , ..., -11.311639 ,
          -12.283017 ,  -8.467389 ],
         ...,
         [ -8.927586 , -10.94165  , -10.850295 , ...,  -7.0686455,
           -8.431603 ,  -6.282658 ],
         [ -8.490903 , -10.444486 , -10.4269905, ...,  -7.770977 ,
           -8.081794 ,  -6.268618 ],
         [ -6.924893 ,  -8.256279 ,  -8.689621 , ...,  -7.1463366,
           -7.7267876,  -5.065646 ]]]], dtype=float32), array([[6, 6, 6, 6, 0, 6, 6, 1, 0, 6, 6, 0, 0, 6, 6, 6, 0, 0, 6, 0, 6, 6,
        3, 6, 3, 6, 6, 3, 6, 6, 6, 6, 3, 3, 6, 3, 3, 3, 3, 6, 3, 3, 6, 3,
        5, 3, 6, 3, 3, 3, 5, 3, 3, 3, 3, 6, 0, 1, 6, 3, 4, 3, 5, 6, 3, 5,
        6, 3, 6, 6, 6, 5, 3, 6, 6, 3, 3, 6, 0, 3, 3, 3, 3, 5, 3, 6, 3, 6,
        6, 3, 3, 5, 1, 6, 3, 3, 3, 6, 3, 3, 2, 6, 2, 3, 3, 6, 3, 6, 6, 5,
        5, 5, 3, 0, 3, 0, 1, 5, 3, 3, 3, 6, 3, 5, 6, 3, 5, 5, 3, 5, 3, 5,
        5, 3, 3, 3, 3, 3, 3, 5, 2, 6, 3, 0, 3, 6, 6, 5, 3, 0, 5, 0, 6, 0,
        6, 6, 3, 3, 3, 3, 6, 3, 3, 3, 3, 6, 6, 5, 3, 1, 0, 3, 3, 3, 3, 5,
        5, 3, 3, 3, 3, 3, 3, 2, 3, 6, 3, 3, 3, 3, 2, 6, 6, 2, 3, 3, 2, 3,
        5, 3]], dtype=int64)]