(tensor([[[ 95.5887,  97.2108, 100.4272,  98.7487, 108.2152, 102.1362, 103.8867,
           34.9425,  30.7960,  93.0000,  93.0593,  58.8825, 111.8029,  83.7417,
           83.7832,  37.5712, 101.5719, 104.6193, 104.1070,  65.1145,  96.4798,
           99.2704,  41.3648,  92.3300, 178.4289,  93.1936,  95.2806,  41.8647,
           83.2589,  94.3672,  83.2523,  84.0478, 179.0668,  41.6230,  97.2225,
           40.8360,  52.2244, 129.9849, 130.1673, 104.2644, 136.7419,  58.8313,
           98.2999, 166.2310, 107.4463, 166.4609,  96.2428,   0.6344, 177.4083,
            1.5558, 107.4250, 178.2489,  59.0966,   0.3144, 140.3363, 100.2372,
           27.4036, 105.4606,  41.6026, 141.2381,  34.8898, 106.2762,  62.9391,
           84.4712,   0.5532, 104.6603, 103.2862, 151.4778, 106.2371,  90.3134,
          101.2793, 105.4582,  53.4404,  84.0792,  94.3034, 137.2375,  99.1632,
           40.2261, 131.2553,  42.1571, 112.2115, 165.7996,  62.3128, 106.4261,
          179.4866, 102.1973,  41.2349, 106.1104,  88.5496, 108.3391,  63.1218,
          154.5681, 105.2977, 107.4495,  11.2245,  51.7443, 165.3520, 121.7572,
          111.8531, 154.2933,  93.0617, 109.3524, 100.4094,   0.2619, 140.5821,
           92.6910,  42.1972, 105.3872, 103.2449, 119.3196, 179.1784, 105.4141,
           12.5310,  70.4299,  40.8087,  65.0858,   1.2888, 107.9804, 151.2679,
           10.2622,  92.2525,  10.6258,   1.2813, 118.7916,  85.5942, 179.1159,
          106.5664, 130.2370, 130.4530, 105.3066, 177.6574, 129.9411,   0.6052,
          136.2848, 104.3575,  13.4470, 131.0757,  11.4777,  63.2612, 107.3442,
           95.5406, 105.4187, 104.2795,  65.0574, 105.3593,  84.8058,  85.2681,
          179.9060,  58.3135,  93.3396, 179.5680,  60.2063, 108.5968,  68.3170,
          104.1295, 104.2888,  59.3954, 150.3146,  33.3111, 100.2024,  52.5591,
            0.2916, 103.4565, 170.4631, 121.7567,  15.3152, 105.5183,  12.2232,
           41.5889,  38.0472,  59.2162,  13.2608, 128.3485,  13.4989, 167.2790,
          107.4870, 105.4205, 179.1583, 129.3403,  11.3843, 137.4932, 104.7259,
           11.5206,  98.1745,  23.2753, 179.5714, 105.4596, 145.6421,  12.3107,
           68.8688,  85.3092,  93.2336,  40.4020, 104.6813, 170.2945, 101.8169,
           58.2650, 107.6122,  26.2087, 167.1996],
         [105.3299, 105.3354, 105.4618, 105.3368,  96.5775, 105.4917, 105.4831,
          130.4337,  84.5304, 105.2003, 105.2598,  84.0129, 117.0130, 104.7695,
           77.6970,  94.4204, 105.4297, 125.8216, 105.4475, 160.8492, 105.4185,
          105.4175,  16.4283, 104.7847, 138.7070, 104.7692, 104.7160,  16.4901,
           78.4801, 105.4314, 105.4402,  77.5546, 138.6947,  16.1436, 104.7208,
           16.5519, 179.5430, 131.6255, 131.7125, 104.8360, 160.5455, 164.6095,
          104.7456, 137.7290, 103.5389, 138.2754, 104.8064,  88.5479, 138.6474,
          129.4045, 102.9626, 139.5196, 164.7568, 129.5815, 137.7247, 104.7157,
           83.7566, 125.9082,  16.4338, 137.7650, 130.3976, 103.5910,  54.6995,
           78.4356, 128.7298, 125.8024, 104.7170, 137.8205,  79.5072,  66.4186,
          104.6481, 125.8568, 179.5604, 104.5744, 104.7468, 160.6475, 104.6407,
           15.5988, 132.5413,  15.6779, 137.6272, 137.7248,  55.5369, 102.5470,
          139.4787, 104.7245,  17.1923,  66.5941, 100.4474, 102.5739,  54.7861,
          146.3041, 104.5741, 149.1744,  16.6113, 179.6112, 138.5704, 137.3046,
          137.3518, 145.6581, 105.2701, 100.5906, 105.4875,  87.6883, 138.3617,
           66.4006,  17.5346, 103.6330, 106.4618, 120.7860, 138.6503, 103.5678,
            6.4122, 124.3411,  16.5048, 160.7657,  88.6103, 103.5644, 138.5700,
           17.5437, 106.4295,  16.6263, 128.7691, 120.4600, 101.7579,  49.5847,
          104.5825, 131.6526, 132.2226, 125.9979, 139.4325, 131.5835,  88.4970,
          161.4968, 125.7364, 173.6313, 131.6742,  17.4662,  55.2600, 104.5735,
          105.3482, 105.4863, 103.7988, 160.7634, 125.8848, 102.4566, 102.5583,
           80.4500, 165.4185, 105.1858,  81.4932, 161.7284,  66.7213, 125.4737,
          103.6423, 106.4537, 165.1584, 137.6580, 158.6273, 106.4606, 178.6741,
           29.6048,  66.5367, 162.6892, 137.3003, 110.6447, 104.6170,   5.6589,
           16.1539,  94.4345, 164.7398, 122.5670, 131.5966, 121.8252, 137.7374,
          105.3950, 102.8915,  50.5324, 132.5140,   6.5783, 161.3392, 125.8955,
           15.7183,  66.4513,  86.5530, 137.7172, 125.8344, 137.6948,  16.4458,
          144.6887,  78.5090, 106.4806,  14.5999, 125.7963, 163.5677, 105.4340,
           19.6472, 106.2438, 176.2045, 138.5972]]], device='cuda:2'), tensor([[[-5.6870e-01, -5.7353e-01, -5.5450e-01, -5.6576e-01,  1.3901e-01,
          -5.5854e-01, -5.8668e-01,  2.7243e+00,  1.8818e-01, -4.2451e-01,
          -4.4295e-01,  3.6807e-01,  2.5981e-01, -2.8592e-01, -2.7090e-01,
           4.2419e-01,  6.5092e-01,  2.6083e-01,  6.9205e-01,  4.8334e-01,
           7.5783e-01,  1.0341e+00,  3.1477e-02,  7.7984e-01, -2.4304e-01,
           8.4694e-01,  4.8844e-01, -4.5947e-02,  5.3881e-01,  1.0947e+00,
           4.8117e-01,  8.2385e-01,  9.3642e-01, -1.0590e-01,  5.5688e-01,
           1.0750e-01,  1.0811e+00, -6.0324e-02,  7.1923e-01,  2.1002e-01,
          -8.3026e-02,  6.6712e-02,  6.2044e-01,  6.4366e-01,  2.6541e-02,
          -2.8949e-01,  1.3461e+00, -4.1468e-02,  7.0140e-01, -1.8695e-01,
           2.6319e-01,  7.1599e-01,  6.7457e-01,  7.2273e-01,  6.4005e-01,
           5.9318e-01,  3.1692e-01,  3.0966e-01, -3.9321e-01, -1.5045e-01,
           2.7525e+00,  9.4608e-01,  1.9801e-02,  5.0916e-02,  5.0209e-02,
           1.6469e-01,  5.9640e-01, -2.6909e-01, -2.0619e-01, -4.2658e-01,
           8.1251e-01,  1.1033e-01, -7.5255e-02,  9.0173e-02,  1.3173e+00,
           7.3439e-01,  1.0411e+00,  8.4797e-01,  8.0216e-01,  9.0400e-01,
           6.7850e-01, -8.1511e-02,  6.5188e-01,  2.0820e-01,  3.0524e-01,
           6.5230e-01,  1.5350e+00, -6.1114e-01, -3.5869e-01,  1.3331e-01,
           7.8330e-01,  9.7782e-02,  1.0096e+00,  1.0330e+00,  1.0329e+00,
           1.4190e-01,  7.0484e-01, -5.2881e-01, -3.9430e-02,  7.8683e-01,
           1.5823e-03,  7.0050e-01, -2.2821e-01,  8.5952e-01, -1.0841e-01,
          -4.6446e-01,  8.1680e-01, -9.1969e-02,  7.1836e-01,  8.6576e-01,
           1.8908e-01,  6.2272e-02,  2.1619e-02,  1.1404e-01,  7.2423e-02,
           5.7238e-01,  1.1733e+00,  1.1670e+00,  6.7410e-01,  8.0861e-01,
           7.5198e-01, -9.7853e-02,  8.6039e-01, -1.9432e-01, -1.8536e-01,
           1.8840e-01,  8.2996e-02, -1.4678e-02,  3.3485e-02,  1.4194e-01,
           8.7514e-02, -1.4401e-01, -1.6281e-01,  7.2318e-01,  7.2887e-01,
          -8.5199e-02,  9.6461e-02,  2.6149e-01,  2.3736e-01,  7.5302e-01,
          -2.4758e-01, -1.4342e-01,  6.3195e-01,  9.1205e-01,  2.7605e-01,
          -1.3146e-01,  5.2260e-01,  4.8385e-01,  8.0792e-01,  7.7541e-01,
           6.4075e-02,  3.9757e-01, -5.0265e-01,  3.7997e-01,  1.1996e+00,
           2.6850e-01,  1.5148e-01,  6.9971e-01,  6.5504e-01,  6.9988e-01,
          -5.8436e-02,  7.4961e-01, -6.4446e-01, -1.3183e-01, -2.2948e-01,
           8.4648e-01,  1.4443e+00,  7.9582e-01, -3.5987e-01,  5.7679e-01,
           2.2209e-01,  9.3212e-01,  7.0486e-01, -3.2475e-02, -3.0746e-02,
           5.1532e-02,  4.9618e-01,  1.0803e+00,  7.2019e-01,  8.5932e-01,
           6.5460e-02,  4.2248e-01,  9.4937e-02, -4.3225e-01,  8.0868e-01,
           2.2583e-01,  2.4481e-01, -8.0332e-02,  1.4497e-02, -2.2177e-01,
           7.5248e-01,  8.6846e-01,  1.6575e-01,  1.7152e-01,  7.8631e-01,
          -1.5120e-02,  6.9231e-01,  2.3208e-01, -1.5665e-02,  8.0926e-01]]],
       device='cuda:2'), tensor([[[-1.7436e+00, -1.7463e+00, -1.7098e+00, -1.7374e+00,  6.5173e-01,
          -1.7235e+00, -1.7586e+00,  1.1294e+00,  5.8893e-01, -1.8409e+00,
          -1.7883e+00,  5.8441e-01,  7.1464e-01, -1.5531e+00, -1.7749e+00,
           5.4817e-01,  2.5458e-02,  5.3226e-01, -3.3478e-01,  6.2211e-01,
           1.9742e-01,  1.3533e-01, -4.2649e-02,  2.8782e-01, -2.2221e-01,
           4.4386e-01,  3.7510e-01, -1.4752e-01,  3.3282e-01,  3.4275e-01,
           2.9566e-01,  3.5126e-01,  5.7997e-01, -1.3884e-01,  3.6502e-01,
          -1.2185e-01,  4.8314e-01, -1.6500e-01,  3.4930e-01, -4.2755e-01,
          -1.8557e-01, -7.1493e-02,  3.2060e-01,  3.4905e-01, -5.7082e-01,
          -2.4916e-01,  1.4377e-01, -7.2154e-02,  4.6828e-01, -1.8867e-01,
           2.2051e+00,  3.7940e-01,  3.7869e-01,  4.5617e-01,  3.4246e-01,
           3.5147e-01,  4.5299e-01,  6.0241e-01, -7.9085e-01, -1.3288e-01,
           1.1219e+00,  5.1327e-01, -2.0546e-01, -6.8436e-01, -1.4652e-02,
           3.0945e-01,  3.7464e-01, -2.2938e-01, -1.5583e+00, -1.0490e+00,
           3.9126e-01,  2.5067e-01, -8.7629e-02, -2.9101e-01, -2.8253e-01,
           3.3500e-01,  4.2375e-01,  5.3742e-01,  5.1715e-01,  5.2509e-01,
           3.7333e-01, -2.7088e-01,  4.8120e-01, -3.5571e-01,  8.2218e-02,
           3.9744e-01,  5.0404e-01, -1.0344e+00, -1.2337e+00, -5.1616e-01,
           5.0177e-01, -1.3035e-01,  4.5205e-01,  6.7684e-01,  6.2779e-01,
          -1.6170e-02,  4.8509e-01, -9.4624e-01, -1.4997e-01,  4.5185e-01,
          -6.6660e-01,  1.8890e-01, -9.3271e-01,  4.5665e-01, -2.0289e-01,
          -9.9160e-01,  4.9582e-01, -7.2264e-01,  4.4313e-01,  3.5029e-01,
           3.9386e-01, -5.9543e-01, -7.2692e-02,  1.8901e-01, -9.7353e-03,
           6.9568e-01,  3.5776e-01,  4.3005e-01,  4.7955e-01,  5.0746e-01,
           3.9420e-01, -6.7357e-02,  3.5772e-01, -3.0074e-01, -9.9093e-01,
          -7.3229e-02, -5.9848e-01, -1.8729e-01, -8.5164e-02,  3.1403e-01,
          -2.1640e-01, -2.9093e-01, -4.3811e-01,  4.9053e-01,  3.8084e-01,
          -1.9103e-01, -6.8203e-02,  3.2103e-02, -6.4131e-02,  2.0744e+00,
          -9.4613e-01, -7.5757e-01,  5.5283e-01,  3.4116e-01,  4.8132e-01,
          -1.1559e+00,  2.8897e-01,  5.4681e-01,  4.1100e-01,  3.0580e-01,
          -1.9382e-01,  5.2909e-01, -1.0582e+00,  5.6083e-01,  3.9605e-01,
          -2.4726e-01, -3.3069e-03,  4.7936e-01,  4.5271e-01,  3.6459e-01,
          -1.9562e-01,  4.1444e-01, -9.9736e-01, -1.6201e-01, -2.9325e-01,
           3.0789e-01,  1.1969e+00,  5.4699e-01, -5.9823e-01,  7.5753e-01,
           3.5481e-01,  3.8340e-01,  4.7029e-01, -1.6249e-01, -1.6498e-01,
          -6.3298e-01,  1.6028e+00,  5.7094e-01,  4.8558e-01,  5.1008e-01,
          -2.5115e-01,  1.7468e-01, -1.8362e-02, -9.7876e-01,  3.5435e-01,
           4.9055e-02,  2.4237e-01, -1.8258e-01, -4.0854e-02, -9.7110e-02,
           3.2527e-01,  4.6622e-01,  5.5141e-03,  3.3845e-01,  4.3604e-01,
          -4.5170e-01,  4.5232e-01,  1.9137e+00, -7.2588e-02,  4.5930e-01],
         [-2.0322e+00, -2.0239e+00, -1.9336e+00, -2.0137e+00,  1.6081e+00,
          -2.0054e+00, -2.1128e+00,  2.5702e+00,  1.4002e+00, -2.0022e+00,
          -1.9714e+00,  9.8635e-01,  1.6908e+00, -1.4734e+00, -1.6796e+00,
           1.4180e+00,  4.6182e-02,  1.1974e+00, -2.4218e-01,  1.4340e+00,
           2.7091e-01,  2.2190e-01,  6.8882e-01,  4.0324e-01,  6.0673e-01,
           5.1520e-01,  3.5351e-01,  6.1204e-01,  4.1578e-01,  4.3677e-01,
           3.8526e-01,  4.7699e-01,  9.1665e-01,  5.6056e-01,  3.4616e-01,
           5.7647e-01,  7.7619e-01,  6.2557e-01,  6.2238e-01,  4.6440e-02,
           5.4643e-01,  7.4677e-01,  3.2585e-01,  5.8948e-01,  1.0682e-01,
           3.9291e-01,  4.1913e-01,  6.8398e-01,  5.8036e-01,  5.7270e-01,
           6.9174e-01,  5.4898e-01,  6.4938e-01,  6.4771e-01,  5.2678e-01,
           3.6491e-01,  1.2078e+00,  1.3737e+00, -6.7740e-01,  6.3156e-01,
           2.5345e+00,  5.7374e-01,  5.2930e-01, -1.0882e-01,  6.8691e-01,
           6.7404e-01,  3.8070e-01,  4.6417e-01, -1.3609e+00, -1.0939e+00,
           4.8489e-01,  9.2001e-01,  6.6642e-01,  3.6241e-01,  2.1171e-01,
           5.3852e-01,  5.0575e-01,  6.9725e-01,  1.1205e+00,  7.7296e-01,
           5.7787e-01,  3.6448e-01,  6.1456e-01,  4.0610e-01,  7.8573e-01,
           4.1359e-01,  1.2343e+00, -1.0513e+00, -1.2076e+00,  2.2586e-01,
           6.3827e-01,  5.3592e-01,  4.5827e-01,  1.5562e+00,  8.0519e-01,
           7.0792e-01,  5.3825e-01, -8.0739e-01,  5.1127e-01,  6.1604e-01,
          -1.2884e-01,  3.1467e-01, -5.4886e-01,  7.1585e-01,  3.7660e-01,
          -9.3874e-01,  6.7697e-01, -4.0263e-01,  4.5585e-01,  6.0393e-01,
           8.4933e-01,  3.1721e-02,  6.0159e-01,  8.9476e-01,  6.7408e-01,
           1.4821e+00,  6.5992e-01,  8.5888e-01,  5.4945e-01,  6.6349e-01,
           5.0951e-01,  5.4388e-01,  5.6694e-01,  4.4163e-01, -6.5788e-01,
           5.7625e-01, -1.9616e-02,  4.5195e-01,  5.3542e-01,  9.4495e-01,
           3.7898e-01,  4.1164e-01,  1.6714e-01,  6.0617e-01,  7.3462e-01,
           6.0881e-01,  8.3984e-01,  7.6616e-01,  4.8454e-01,  6.4180e-01,
          -6.0100e-01, -3.1544e-01,  1.4371e+00,  1.2808e+00,  1.2449e+00,
          -1.0326e+00,  4.1941e-01,  9.6140e-01,  6.3155e-01,  1.1134e+00,
           4.6314e-01,  1.3339e+00, -1.1062e+00,  1.4726e+00,  6.5156e-01,
           3.8030e-01,  6.6877e-01,  6.1795e-01,  6.1999e-01,  3.9540e-01,
           4.4444e-01,  6.8278e-01, -9.8461e-01,  5.6441e-01,  3.7846e-01,
           4.8598e-01,  6.8000e-01,  7.0636e-01, -3.3762e-01,  1.4099e+00,
           1.2318e+00,  5.9532e-01,  5.9034e-01,  6.6844e-01,  5.3924e-01,
          -7.3452e-02,  7.4544e-01,  7.9896e-01,  5.9487e-01,  6.3949e-01,
           3.6115e-01,  5.7336e-01,  6.4284e-01, -7.2553e-01,  5.2612e-01,
           8.0745e-01,  8.1961e-01,  5.5243e-01,  6.0731e-01,  6.5167e-01,
           4.5421e-01,  5.4194e-01,  6.7292e-01,  6.8068e-01,  6.3102e-01,
           1.6319e-01,  6.2610e-01,  4.9272e-01,  5.7234e-01,  5.9484e-01],
         [-5.8993e-01, -6.1269e-01, -6.0390e-01, -6.1670e-01,  3.6301e-01,
          -6.0889e-01, -6.3449e-01,  1.3595e+00,  3.6666e-01, -5.1681e-01,
          -4.6904e-01,  4.1379e-01,  4.3295e-01, -1.0459e-01, -1.8014e-01,
           3.7191e-01,  2.6841e-01,  4.5851e-01,  3.3446e-02,  4.0667e-01,
           3.9930e-01,  3.5740e-01,  2.2554e-01,  4.9147e-01,  3.0902e-01,
           4.6358e-01,  3.4240e-01,  3.5018e-01,  3.4074e-01,  5.3424e-01,
           3.4513e-01,  4.8136e-01,  6.2964e-01,  3.2785e-01,  3.3644e-01,
           4.1261e-01,  5.8857e-01,  3.2422e-01,  4.6480e-01,  1.6021e-01,
           3.3595e-01,  3.3580e-01,  3.4615e-01,  3.9592e-01,  1.6641e-01,
           3.3189e-01,  5.4186e-01,  3.5855e-01,  3.7108e-01,  3.1421e-01,
           3.6131e-01,  3.3712e-01,  4.0728e-01,  4.0336e-01,  3.2551e-01,
           3.6890e-01,  4.0510e-01,  5.7864e-01,  4.3478e-03,  3.7065e-01,
           1.2999e+00,  4.6226e-01,  3.3092e-01,  2.1887e-01,  3.9308e-01,
           3.8899e-01,  3.4889e-01,  3.6750e-01,  3.5552e-03, -1.2474e-01,
           3.7915e-01,  3.5663e-01,  4.0063e-01,  3.0931e-01,  3.7140e-01,
           3.5163e-01,  4.4564e-01,  4.8144e-01,  4.4606e-01,  5.0203e-01,
           3.6720e-01,  3.7910e-01,  3.9170e-01,  3.0003e-01,  4.6646e-01,
           3.8728e-01,  8.5187e-01, -2.5283e-01, -1.2629e-01,  2.4798e-01,
           4.5463e-01,  4.2498e-01,  3.9180e-01,  8.7578e-01,  6.2048e-01,
           4.1955e-01,  3.9232e-01,  3.8548e-02,  4.2537e-01,  4.1601e-01,
           5.9413e-02,  3.3753e-01, -1.1604e-01,  4.1942e-01,  3.4788e-01,
          -9.0654e-02,  4.7588e-01, -9.6317e-03,  4.0821e-01,  4.3826e-01,
           3.2813e-01,  1.0334e-01,  4.1091e-01,  4.2209e-01,  2.9348e-01,
           5.1861e-01,  5.0545e-01,  6.8849e-01,  3.7812e-01,  4.7322e-01,
           4.1563e-01,  3.8634e-01,  4.0631e-01,  2.9428e-01,  1.2406e-01,
           4.8030e-01,  1.4714e-01,  1.5858e-01,  3.7619e-01,  3.7470e-01,
           3.5554e-01,  3.0278e-01,  1.2199e-01,  4.2594e-01,  4.2655e-01,
           3.4583e-01,  4.4848e-01,  5.2482e-01,  4.2150e-01,  2.9934e-01,
          -1.2251e-01, -3.4001e-02,  5.0428e-01,  3.3526e-01,  4.6787e-01,
          -1.3516e-03,  2.9790e-01,  4.4529e-01,  4.0568e-01,  4.4666e-01,
           3.1068e-01,  3.1114e-01, -1.9987e-01,  3.6007e-01,  6.0947e-01,
           2.7164e-01,  4.1228e-01,  4.1482e-01,  3.7286e-01,  3.5358e-01,
           3.0502e-01,  4.2329e-01, -3.0419e-01,  3.6836e-01,  2.9096e-01,
           3.8068e-01,  5.1660e-01,  4.7163e-01,  1.0387e-01,  5.3226e-01,
           3.1096e-01,  4.2232e-01,  3.9787e-01,  3.4580e-01,  4.0939e-01,
           1.5263e-01,  3.7620e-01,  5.6716e-01,  3.9786e-01,  4.3856e-01,
           3.5494e-01,  5.1223e-01,  4.6428e-01, -1.2915e-02,  3.6164e-01,
           4.6404e-01,  4.2803e-01,  4.0234e-01,  4.6000e-01,  3.2057e-01,
           3.7605e-01,  4.1313e-01,  4.3674e-01,  4.4159e-01,  4.0189e-01,
           1.5401e-01,  4.0038e-01,  2.5176e-01,  3.6179e-01,  4.0591e-01]]],
       device='cuda:2'), tensor([[[ 6.1719e-02,  4.0108e-02,  4.9371e-02,  4.6750e-02, -1.0006e+00,
           4.2588e-02,  3.6071e-02,  9.4610e-01, -9.7712e-01,  7.3678e-02,
           3.8716e-02, -9.5286e-01,  9.7672e-01,  5.7488e-02, -1.1344e-01,
          -9.2729e-01, -3.0056e-02,  7.9464e-01, -4.1461e-01,  2.9128e-01,
          -5.4221e-02, -7.6403e-02,  6.9054e-01, -2.4605e-02, -3.1798e-01,
          -3.6945e-02, -2.3779e-02,  8.8428e-01, -3.0609e-03, -4.9022e-02,
           3.0001e-04, -1.5843e-02, -4.2570e-02,  9.0223e-01, -2.7985e-02,
           7.6936e-01, -4.8223e-03,  8.5279e-01, -2.7992e-02, -8.3772e-02,
           4.7545e-01,  7.4514e-01, -2.9235e-02, -2.3769e-02, -1.6330e-01,
           5.2248e-01, -2.3467e-02,  2.0053e-01, -6.9925e-02,  7.5947e-02,
          -2.4548e-01, -4.4819e-02,  5.4854e-02, -3.7130e-02, -2.0553e-02,
          -3.0013e-02, -7.0900e-01,  9.0401e-01, -2.1292e-01,  2.8413e-01,
          -6.4886e-01, -2.6795e-02,  6.5523e-01, -8.7962e-02, -2.0692e-02,
          -7.7292e-01, -3.9422e-02,  4.5809e-01, -7.2920e-02, -8.0387e-02,
          -2.6966e-02, -3.0874e-01, -9.1414e-02, -1.5631e-01, -1.6969e-01,
          -6.0013e-02, -3.7750e-02, -3.5286e-02, -6.2851e-04, -9.3459e-03,
          -5.7054e-02,  3.3634e-01, -4.9075e-02, -1.8143e-01, -4.3179e-02,
          -3.3500e-02,  4.8318e-01, -1.7688e-01, -1.1963e-01, -1.5171e-01,
          -5.8671e-02,  7.5892e-01, -3.4420e-02,  1.8784e-01,  9.9824e-03,
          -1.3412e-01, -4.9247e-02,  3.5415e-01,  4.7464e-01, -3.4078e-02,
          -3.3707e-01, -2.2155e-02, -1.9417e-01, -2.8073e-02,  2.0552e-01,
          -6.7052e-02, -2.1291e-02, -2.6911e-02, -2.7251e-02, -2.0463e-01,
          -4.2941e-01, -1.8428e-01,  6.5561e-01, -1.3855e-01,  6.4197e-01,
           1.4158e-01, -3.2975e-02, -1.1451e-01, -6.3911e-02, -1.3831e-02,
          -4.6405e-02,  6.1010e-02, -3.1975e-02,  4.0917e-01,  3.8203e-04,
          -1.2456e-01, -1.4603e-01, -5.5042e-01,  4.4095e-01, -6.8536e-01,
           1.6524e-01, -1.1427e-01, -1.3714e-01, -4.5445e-02,  1.0324e-01,
          -1.4496e-01,  5.5908e-01, -1.0255e-01,  1.3948e-01, -2.5565e-01,
          -1.4809e-01, -7.5396e-02, -6.4089e-01,  1.9414e-01,  9.3746e-01,
           3.8786e-02,  2.0283e-03, -5.3871e-01, -6.4768e-03, -4.6745e-01,
          -2.6383e-01, -2.2489e-01, -1.6887e-01, -7.2867e-01,  4.8373e-02,
          -1.5433e-01,  3.5292e-01, -5.4241e-02, -3.3200e-02, -1.5743e-02,
          -8.8941e-02, -3.5027e-02, -2.0580e-01,  1.4834e-01,  6.8345e-01,
          -1.9115e-02, -2.4981e-01, -1.0680e-02,  3.2540e-01, -6.5224e-01,
           1.5188e-01, -3.0970e-02, -3.2463e-02,  1.4998e-01,  2.8065e-01,
          -1.5547e-01, -2.2433e-01, -2.9868e-02, -2.3148e-02, -3.4776e-02,
           2.6651e-01, -5.3065e-01, -8.8083e-02, -1.4257e-01, -2.2146e-02,
          -1.2001e-01,  8.7163e-02,  1.5761e-01, -1.0137e-01,  8.6488e-01,
           1.7494e-02, -5.9983e-02,  3.9841e-01, -8.1816e-01, -3.7461e-02,
          -5.1513e-01, -3.6392e-02, -2.4261e-01,  1.1503e-01, -6.0403e-02],
         [ 9.9201e-01,  9.7694e-01,  9.7096e-01,  9.5124e-01,  6.1840e-02,
           9.5848e-01,  9.6707e-01, -7.4160e-02,  7.1154e-02,  1.0036e+00,
           1.0166e+00, -1.5472e-01,  7.1491e-02,  9.5205e-01, -9.9940e-01,
           2.0580e-01, -7.5703e-03, -1.3941e-02, -1.8202e-05,  6.2283e-01,
          -3.1007e-02, -1.1115e-04, -5.5380e-02,  8.7387e-04,  9.6657e-02,
          -4.9688e-02, -2.7745e-03, -1.9843e-01, -7.9212e-02, -4.8535e-02,
          -2.4126e-02, -1.1627e-01, -6.5382e-02, -2.3491e-01,  1.1797e-02,
          -1.5872e-01, -7.9702e-02,  5.0029e-03, -6.0324e-02, -1.6956e-02,
          -1.1089e-03,  7.4406e-02,  2.0592e-02, -8.3720e-02, -9.9569e-02,
           3.6513e-02,  5.0531e-02, -2.7275e-01, -1.0064e-01,  2.0605e-03,
          -6.1119e-01, -8.7864e-02, -6.9821e-02, -1.0605e-01, -1.0061e-01,
           1.6720e-02, -6.9450e-02,  6.7048e-02, -9.5606e-01, -1.1328e-01,
           1.6324e-01, -1.2697e-01, -9.6147e-02, -3.8197e-01, -2.3617e-01,
          -2.8068e-01, -1.5812e-02, -6.7242e-02, -9.5144e-01, -6.0418e-01,
          -3.1105e-02, -1.3972e-01, -4.2850e-02, -1.0900e-01,  9.2007e-02,
          -1.0527e-01, -8.5737e-03, -6.9493e-02, -1.3260e-01, -5.6247e-02,
          -8.9568e-02, -1.3587e-02, -8.3351e-02, -4.5055e-02, -1.0048e-01,
           8.3984e-04, -1.6508e-01, -7.8020e-01, -1.9159e-01, -6.3878e-02,
          -6.4073e-02, -1.5103e-01, -5.5391e-02,  4.5488e-02, -1.0798e-01,
          -7.7120e-02, -1.2970e-01,  1.5269e-01, -4.3055e-02, -8.8299e-02,
           6.2945e-01, -2.2188e-02,  7.7613e-01, -7.7312e-02, -9.8147e-02,
          -5.8559e-01, -8.3083e-02,  8.7168e-02, -4.5206e-02, -1.2694e-01,
          -4.9451e-01,  5.4914e-02, -2.3737e-01, -2.6167e-01, -3.9347e-01,
           5.7046e-01, -9.9284e-02, -1.9173e-01, -1.2298e-01, -9.1741e-02,
          -4.0242e-02, -2.5533e-01, -7.8365e-02, -2.0922e-01,  8.6655e-02,
          -2.0676e-01, -5.3019e-02, -4.5792e-01, -6.0301e-04, -1.7015e-01,
          -9.3914e-02,  2.1148e-01, -2.3935e-01, -1.3205e-01, -1.2557e-01,
           4.0356e-02,  4.2981e-02, -3.8586e-02, -1.0522e-01, -4.7085e-01,
           7.7741e-01, -5.3647e-04,  2.4045e-01,  5.4467e-01,  1.8972e-02,
           4.6288e-01, -6.3971e-02, -3.8291e-01, -1.0504e-01,  2.3692e-01,
          -2.4249e-01, -1.4765e-01, -8.0447e-01, -2.4824e-01, -9.7630e-02,
          -1.0995e-01, -1.9100e-02, -1.1738e-01, -6.3617e-02, -2.1057e-02,
          -2.5714e-04, -7.4669e-02, -9.5128e-01,  7.7741e-02, -4.2291e-02,
          -1.1244e-01, -1.1741e-01, -7.7407e-02, -6.8071e-01,  7.9394e-02,
          -8.3574e-02, -1.3652e-01, -1.1703e-01, -3.7915e-02, -7.5380e-02,
          -8.6039e-02, -3.4319e-01, -4.7025e-02, -1.1886e-01, -1.0015e-01,
          -4.0380e-02,  6.1096e-02, -1.6989e-01, -5.2556e-01, -9.4505e-02,
          -9.5708e-02,  1.2784e-01, -4.2430e-02,  1.4293e-02, -1.5575e-01,
          -1.7863e-01, -7.5916e-02, -6.8230e-02, -6.8321e-02, -1.1501e-01,
          -1.7727e-02, -1.0485e-01, -3.5569e-01,  5.6395e-02, -1.4872e-01]]],
       device='cuda:2'), tensor([[[ 2.6863e-02,  2.7600e-02,  2.9822e-02,  2.3313e-02,  1.1331e-02,
           2.7972e-02,  1.9830e-02,  2.4763e-02,  2.0448e-02,  6.9222e-03,
           2.0569e-02,  2.0727e-02,  1.4745e-02,  1.3908e-02,  1.8786e-02,
           1.7537e-02, -5.0019e-03,  1.4187e-02, -6.2501e-02,  1.5887e-02,
           1.7331e-02, -3.3761e-02,  4.6708e-02,  2.5670e-02,  9.3389e-03,
           1.8265e-02,  4.0566e-02,  4.4569e-02,  6.4307e-02,  1.1933e-02,
           6.6634e-02,  2.9245e-02,  5.1198e-02,  3.8878e-02,  3.7859e-02,
           2.5276e-02,  7.7816e-02,  4.0113e-02,  6.6357e-02,  2.7101e-02,
           3.2403e-02,  4.6017e-02,  3.9395e-02,  8.3329e-02,  3.2888e-02,
           3.6061e-02,  3.2212e-02,  1.8612e-02,  6.3169e-02,  3.4186e-02,
          -4.2384e-03,  7.8396e-02,  9.5909e-02,  6.9867e-02,  8.6951e-02,
           3.8041e-02,  1.3883e-02,  2.1794e-02,  1.1134e-02,  2.0551e-02,
           2.6550e-02,  2.9186e-02,  3.5248e-02,  5.8168e-03,  1.7684e-02,
           1.8818e-02,  4.1582e-02,  3.8245e-02,  2.6221e-02,  2.6920e-02,
           4.0950e-02,  2.5483e-02,  2.5731e-02,  4.5493e-02, -3.2990e-03,
           7.3567e-02,  2.9836e-02,  7.7388e-02,  9.3841e-02,  7.8019e-02,
           5.8386e-02,  2.6022e-02,  7.9514e-02,  4.1194e-02,  7.2984e-03,
           3.4638e-02,  5.3332e-03,  3.6843e-02,  2.1201e-02,  3.7380e-02,
           7.6098e-02,  3.1080e-02,  3.9038e-02, -9.9408e-03,  7.5513e-02,
           1.7724e-02,  6.7866e-02,  3.8241e-02,  3.6536e-02,  7.6980e-02,
           1.9571e-02,  3.7520e-02,  3.4483e-02,  6.7953e-02,  1.8550e-02,
           2.9071e-02,  8.0134e-02,  8.8758e-03,  6.6011e-02, -6.7398e-02,
           2.4572e-03,  2.8548e-02,  2.8000e-02,  1.3289e-02,  2.8551e-02,
           1.0573e-02,  6.5204e-02, -4.4864e-02,  6.1282e-02,  7.8661e-02,
           5.5998e-02,  2.7269e-02,  7.8866e-02,  1.4304e-02,  1.6457e-02,
           2.1017e-02,  4.1380e-02, -2.4254e-02,  2.6323e-02,  1.8998e-02,
           1.6471e-02,  1.7766e-02,  1.9929e-02,  7.9273e-02,  7.9586e-02,
           2.4985e-02,  2.2802e-02,  2.7351e-02,  2.3275e-02, -6.3789e-03,
           3.3114e-02,  1.4759e-02, -1.0185e-02, -2.9792e-02,  2.5210e-02,
           3.4584e-02,  6.8205e-02,  8.8812e-03,  9.3618e-02, -4.2080e-02,
           2.1112e-02,  4.7206e-02,  3.3783e-02,  1.8945e-02,  1.0556e-02,
           1.6178e-02,  1.0170e-02,  6.2986e-02,  8.7981e-02,  5.7022e-02,
           2.9587e-02,  6.6431e-02,  3.3063e-02,  3.7365e-02,  4.1650e-02,
           6.2495e-02, -7.5627e-02,  8.6817e-02,  1.9302e-02,  2.4579e-02,
           7.2600e-03,  5.6541e-02,  8.0184e-02,  2.3251e-02,  2.0699e-02,
           3.8258e-02,  3.8295e-03,  7.4765e-02,  8.4185e-02,  8.1158e-02,
           2.1175e-02,  9.8307e-03,  1.9132e-02,  8.6607e-03,  7.8453e-02,
           3.2943e-02,  9.0828e-03,  3.4491e-02,  4.2613e-02,  4.5785e-02,
           5.4815e-02,  5.0305e-02,  1.4502e-02,  1.1637e-02,  7.8919e-02,
           4.4046e-03,  7.4618e-02,  2.1952e-02,  3.2793e-02,  7.0237e-02],
         [-2.4401e-03,  2.5231e-03,  7.2492e-03,  8.8030e-03, -2.1167e-02,
           8.6753e-03,  8.4148e-03, -1.5922e-02, -2.5874e-02, -7.4293e-05,
           5.3900e-03, -2.1862e-02, -1.7643e-02, -3.5662e-03, -2.5934e-02,
          -8.4525e-03, -8.9006e-02, -1.6819e-02, -1.7623e-01, -1.6847e-02,
          -8.7439e-02, -1.1515e-01, -2.0651e-02, -5.8328e-02, -1.0664e-02,
          -5.9576e-02, -5.9593e-02,  2.8807e-02, -6.4565e-02, -7.9718e-02,
          -7.2398e-02, -5.9767e-02, -3.2083e-03, -1.0003e-02, -4.5257e-02,
           3.7267e-02, -3.3635e-02,  1.0106e-02, -9.7787e-03, -2.0818e-02,
          -3.0027e-04, -1.4462e-02, -4.8588e-02, -1.8121e-02, -1.2556e-02,
          -5.4943e-03, -9.7938e-02, -2.2241e-03, -2.7150e-02, -1.3679e-02,
          -6.8905e-02, -2.5659e-02, -2.0651e-02, -4.1540e-02, -2.5317e-02,
          -5.3226e-02, -5.4280e-02, -1.9822e-02, -1.6749e-02,  1.0415e-02,
          -1.8843e-02, -1.6139e-02, -4.8428e-03, -9.8800e-03,  1.9118e-03,
          -3.8122e-02, -5.3457e-02,  3.9945e-03, -6.4207e-02, -4.7089e-03,
          -3.6091e-02, -2.2139e-02,  1.1188e-02,  1.1750e-02, -8.4672e-02,
          -1.6510e-02, -3.2032e-02, -2.9732e-02, -2.7576e-02, -2.3992e-02,
          -1.9257e-02,  1.2443e-02, -3.9440e-02, -2.9618e-02, -1.1923e-02,
          -4.8442e-02, -5.4989e-02, -1.3365e-02, -2.0253e-02, -1.4742e-02,
          -3.2156e-02,  6.3816e-03, -3.6329e-02,  2.5950e-02, -2.4852e-02,
           2.3597e-02, -2.9646e-02,  2.5281e-02,  5.9507e-03, -1.7816e-02,
          -1.9668e-02, -5.1087e-02, -6.8354e-03, -2.4385e-02,  9.5714e-03,
           2.4322e-02, -2.9505e-02,  2.1112e-03, -6.1232e-02, -1.1310e-02,
          -6.3322e-02, -2.6826e-03,  1.6249e-02, -2.9654e-02, -5.0939e-03,
          -9.0500e-03, -3.7624e-03,  1.2560e-03, -3.1045e-02, -3.5869e-02,
          -6.3588e-02,  1.2017e-02, -2.3750e-02, -9.6490e-03, -3.8155e-03,
           6.1851e-03, -1.5251e-02, -4.5446e-02, -3.3921e-03,  4.3697e-03,
          -4.0677e-03, -1.0765e-02, -7.5881e-03, -3.1007e-02, -1.8712e-02,
          -1.0394e-02,  1.4696e-02,  3.5334e-04, -1.2343e-02, -4.6543e-02,
          -1.3247e-02,  4.4418e-03, -2.7871e-02, -2.3811e-02, -3.0380e-03,
          -4.4321e-04, -1.7450e-02, -4.7008e-02, -4.5049e-02, -1.4102e-01,
          -3.1815e-02, -6.1016e-02, -1.4735e-02,  3.4508e-03, -4.9503e-02,
          -2.2078e-02,  1.5885e-02, -2.2155e-02, -3.5439e-02, -6.3298e-02,
           1.5642e-02, -2.7537e-02, -1.3464e-02, -8.1271e-03,  1.8057e-02,
          -8.2860e-03, -2.5855e-02, -2.1547e-02, -1.0581e-02, -5.1397e-03,
           1.4002e-03, -1.4869e-02, -2.4103e-02, -1.0285e-02,  1.1046e-02,
          -1.0352e-02, -3.7793e-02,  2.9066e-02, -2.9556e-02, -2.7370e-02,
           8.0130e-03,  8.0402e-03,  2.0428e-03,  1.6318e-02, -1.1695e-02,
          -1.4670e-02, -3.0465e-02, -2.8140e-03,  4.7905e-04,  6.7685e-03,
          -2.2574e-02, -6.3956e-02,  2.1228e-02, -5.2880e-02, -1.7245e-02,
          -8.8119e-02, -2.8053e-02, -6.3666e-02, -7.0451e-03, -1.8083e-02]]],
       device='cuda:2'), tensor([[[-5.9390, -5.9960, -5.9345,  ..., -4.4840, -4.0272, -5.5634],
         [-7.8366, -7.4263, -7.7398,  ..., -4.7372, -5.2182, -5.0852],
         [-6.0430, -5.5829, -6.0153,  ..., -5.2124, -6.0712, -5.6708],
         ...,
         [-5.8565, -6.2987, -5.9035,  ..., -7.1699, -6.7563, -6.1318],
         [-7.1771, -6.8166, -6.9914,  ..., -3.9725, -6.3157, -5.1553],
         [ 3.1354,  2.8477,  2.9863,  ..., -4.1704, -6.2962, -5.9274]]],
       device='cuda:2'), tensor([[[0.0000e+00, 0.0000e+00, 0.0000e+00,  ..., 0.0000e+00,
          0.0000e+00, 6.2038e-04],
         [0.0000e+00, 0.0000e+00, 0.0000e+00,  ..., 3.2905e-03,
          4.5228e-03, 0.0000e+00],
         [9.5550e-03, 6.2652e-03, 1.3236e-02,  ..., 9.9033e-05,
          3.5980e-04, 1.0814e-05],
         ...,
         [0.0000e+00, 0.0000e+00, 0.0000e+00,  ..., 0.0000e+00,
          0.0000e+00, 0.0000e+00],
         [6.8870e-04, 2.8453e-04, 5.3125e-04,  ..., 7.1529e-03,
          5.8524e-04, 6.5072e-05],
         [9.3112e-01, 9.2984e-01, 9.2942e-01,  ..., 3.5953e-04,
          3.6283e-04, 6.2059e-04]]], device='cuda:2'), tensor([[[[ -5.6072,  -6.9214,  -7.0555,  ...,  -7.0657,  -7.2002,  -5.5713],
          [ -6.3980,  -8.1710,  -8.5921,  ...,  -8.9763,  -9.1332,  -6.6700],
          [ -6.8260,  -8.0834,  -8.3859,  ...,  -9.5423,  -9.8891,  -7.3923],
          ...,
          [ -7.7843, -10.0344, -10.3588,  ...,  -6.9845,  -6.5579,  -5.5587],
          [ -7.4326,  -9.4384,  -9.9141,  ...,  -6.2333,  -6.4658,  -5.0786],
          [ -5.5189,  -7.2853,  -7.5139,  ...,  -5.7036,  -5.3142,  -4.3299]],

         [[ -4.9916,  -6.0955,  -6.4048,  ...,  -6.5649,  -6.4458,  -4.9747],
          [ -5.9630,  -7.0345,  -7.5337,  ...,  -7.8886,  -7.6428,  -5.9668],
          [ -6.0224,  -7.1493,  -7.4940,  ...,  -8.4222,  -7.9797,  -6.4840],
          ...,
          [ -6.6420,  -7.9185,  -8.2512,  ...,  -6.0201,  -6.2177,  -4.9634],
          [ -6.0644,  -7.8838,  -7.8280,  ...,  -6.3803,  -5.8714,  -4.7670],
          [ -5.2481,  -6.4963,  -7.0172,  ...,  -5.5761,  -5.6529,  -4.1399]],

         [[ -7.5899,  -9.5263,  -9.5923,  ...,  -9.6593,  -9.5861,  -6.2275],
          [-10.0806, -12.3942, -12.4906,  ..., -13.4071, -14.1527,  -8.8519],
          [ -9.5183, -11.5947, -10.7691,  ..., -12.9770, -13.1784,  -8.4389],
          ...,
          [-10.8317, -12.9608, -12.4489,  ...,  -8.9103, -10.3112,  -6.9274],
          [-10.3175, -13.2245, -12.3184,  ...,  -9.8036, -10.3351,  -7.2063],
          [ -8.1743,  -9.6563,  -9.8571,  ...,  -7.5084,  -8.3404,  -5.5414]],

         ...,

         [[ -6.8920,  -8.8616,  -9.1388,  ...,  -8.9928,  -9.3625,  -6.4578],
          [ -8.5096, -11.0663, -10.6551,  ..., -11.6386, -11.4037,  -8.2117],
          [ -8.4236, -10.1992, -10.6390,  ..., -11.0239, -11.6512,  -8.0218],
          ...,
          [ -8.8398, -11.5392, -10.8502,  ...,  -8.2561,  -8.4006,  -7.0901],
          [ -8.6688, -11.4131, -11.3257,  ...,  -8.8810,  -9.6622,  -6.8636],
          [ -6.5259,  -8.7373,  -8.7276,  ...,  -8.0062,  -8.0304,  -5.8658]],

         [[ -6.4894,  -8.5653,  -9.2315,  ...,  -9.4532,  -8.9870,  -6.2001],
          [ -8.1340, -10.5713, -10.8090,  ..., -12.2189, -11.4909,  -8.1401],
          [ -8.6424, -10.5281, -10.9368,  ..., -12.3917, -12.2099,  -8.4773],
          ...,
          [ -8.6871, -11.4010, -11.4922,  ...,  -6.0656,  -6.0794,  -6.5444],
          [ -8.7319, -10.9264, -11.4174,  ...,  -5.4946,  -5.7289,  -5.7283],
          [ -6.5600,  -8.3542,  -8.5634,  ...,  -5.7452,  -6.1561,  -5.2837]],

         [[ -6.8720,  -8.6200,  -9.2563,  ...,  -8.9127,  -9.3059,  -5.7447],
          [ -8.4605, -10.7510, -10.9193,  ..., -11.5537, -12.2573,  -8.3247],
          [ -8.5812, -10.4031, -10.7284,  ..., -11.3062, -12.2806,  -8.4689],
          ...,
          [ -8.9223, -10.9311, -10.8372,  ...,  -7.0693,  -8.4317,  -6.2832],
          [ -8.4883, -10.4391, -10.4211,  ...,  -7.7707,  -8.0813,  -6.2687],
          [ -6.9235,  -8.2556,  -8.6887,  ...,  -7.1453,  -7.7260,  -5.0655]]]],
       device='cuda:2'), tensor([[6, 6, 6, 6, 0, 6, 6, 1, 0, 6, 6, 0, 0, 6, 6, 0, 6, 0, 6, 0, 6, 6, 3, 6,
         3, 6, 6, 3, 6, 6, 6, 6, 3, 3, 6, 3, 3, 3, 3, 6, 3, 3, 6, 3, 5, 3, 6, 3,
         3, 3, 5, 3, 3, 3, 3, 6, 0, 1, 6, 3, 4, 5, 3, 6, 3, 5, 6, 3, 6, 6, 6, 5,
         3, 6, 6, 3, 6, 3, 0, 3, 3, 3, 3, 5, 3, 6, 3, 6, 6, 5, 3, 3, 6, 1, 3, 3,
         3, 6, 3, 3, 2, 6, 2, 3, 3, 6, 3, 6, 6, 5, 5, 5, 3, 0, 0, 1, 3, 5, 3, 3,
         6, 3, 3, 5, 6, 3, 5, 5, 3, 5, 3, 5, 5, 3, 3, 3, 3, 3, 3, 5, 2, 6, 0, 3,
         3, 6, 6, 5, 3, 0, 5, 0, 6, 0, 6, 6, 3, 3, 3, 6, 3, 3, 6, 3, 3, 3, 5, 3,
         6, 1, 0, 3, 3, 3, 3, 5, 5, 3, 3, 3, 3, 2, 3, 6, 3, 3, 2, 3, 3, 3, 6, 6,
         3, 2, 3, 2, 3, 5, 3, 3]], device='cuda:2'))